20,0.084320641,1,N1S2,190.0.1.1,255.255.255.255,56,NetworkSendToLower,0,2,20,Data,IPPROTO_UDP,192,,0.0
74,0.852822473,1,N1S19,190.0.1.1,255.255.255.255,36,NetworkSendToLower,0,19,20,Control,IPPROTO_ICMP,192,,0.0
132,2.067685725,1,N1S44,190.0.1.1,255.255.255.255,56,NetworkSendToLower,0,44,20,Data,IPPROTO_UDP,192,,0.0
234,3.852822473,1,N1S81,190.0.1.1,255.255.255.255,36,NetworkSendToLower,0,81,20,Control,IPPROTO_ICMP,192,,0.0
246,4.063969187,1,N1S86,190.0.1.1,255.255.255.255,56,NetworkSendToLower,0,86,20,Data,IPPROTO_UDP,192,,0.0
346,5.7,1,N1S119,190.0.1.1,190.0.1.4,1052,NetworkSendToLower,0,119,20,Data,IPPROTO_UDP,0,,0.0
356,5.8,1,N1S124,190.0.1.1,190.0.1.4,1052,NetworkSendToLower,0,124,20,Data,IPPROTO_UDP,0,,0.0
366,5.9,1,N1S127,190.0.1.1,190.0.1.4,1052,NetworkSendToLower,0,127,20,Data,IPPROTO_UDP,0,,0.0
376,6.0,1,N1S129,190.0.1.1,190.0.1.4,1052,NetworkSendToLower,0,129,20,Data,IPPROTO_UDP,0,,0.0
402,6.1,1,N1S132,190.0.1.1,190.0.1.4,1052,NetworkSendToLower,0,132,20,Data,IPPROTO_UDP,0,,0.0
414,6.121403975,1,N1S131,190.0.1.1,255.255.255.255,56,NetworkSendToLower,0,131,20,Data,IPPROTO_UDP,192,,0.0
424,6.2,1,N1S135,190.0.1.1,190.0.1.4,1052,NetworkSendToLower,0,135,20,Data,IPPROTO_UDP,0,,0.0
434,6.3,1,N1S137,190.0.1.1,190.0.1.4,1052,NetworkSendToLower,0,137,20,Data,IPPROTO_UDP,0,,0.0
444,6.4,1,N1S139,190.0.1.1,190.0.1.4,1052,NetworkSendToLower,0,139,20,Data,IPPROTO_UDP,0,,0.0
454,6.5,1,N1S141,190.0.1.1,190.0.1.4,1052,NetworkSendToLower,0,141,20,Data,IPPROTO_UDP,0,,0.0
464,6.6,1,N1S143,190.0.1.1,190.0.1.4,1052,NetworkSendToLower,0,143,20,Data,IPPROTO_UDP,0,,0.0
474,6.7,1,N1S145,190.0.1.1,190.0.1.4,1052,NetworkSendToLower,0,145,20,Data,IPPROTO_UDP,0,,0.0
484,6.8,1,N1S147,190.0.1.1,190.0.1.4,1052,NetworkSendToLower,0,147,20,Data,IPPROTO_UDP,0,,0.0
500,6.852822473,1,N1S149,190.0.1.1,255.255.255.255,36,NetworkSendToLower,0,149,20,Control,IPPROTO_ICMP,192,,0.0
504,6.9,1,N1S150,190.0.1.1,190.0.1.4,1052,NetworkSendToLower,0,150,20,Data,IPPROTO_UDP,0,,0.0
514,7.0,1,N1S152,190.0.1.1,190.0.1.4,1052,NetworkSendToLower,0,152,20,Data,IPPROTO_UDP,0,,0.0
524,7.1,1,N1S154,190.0.1.1,190.0.1.4,1052,NetworkSendToLower,0,154,20,Data,IPPROTO_UDP,0,,0.0
534,7.2,1,N1S156,190.0.1.1,190.0.1.4,1052,NetworkSendToLower,0,156,20,Data,IPPROTO_UDP,0,,0.0
544,7.3,1,N1S158,190.0.1.1,190.0.1.4,1052,NetworkSendToLower,0,158,20,Data,IPPROTO_UDP,0,,0.0
554,7.4,1,N1S160,190.0.1.1,190.0.1.4,1052,NetworkSendToLower,0,160,20,Data,IPPROTO_UDP,0,,0.0
564,7.5,1,N1S162,190.0.1.1,190.0.1.4,1052,NetworkSendToLower,0,162,20,Data,IPPROTO_UDP,0,,0.0
574,7.6,1,N1S164,190.0.1.1,190.0.1.4,1052,NetworkSendToLower,0,164,20,Data,IPPROTO_UDP,0,,0.0
584,7.7,1,N1S166,190.0.1.1,190.0.1.4,1052,NetworkSendToLower,0,166,20,Data,IPPROTO_UDP,0,,0.0
594,7.8,1,N1S168,190.0.1.1,190.0.1.4,1052,NetworkSendToLower,0,168,20,Data,IPPROTO_UDP,0,,0.0
604,7.9,1,N1S170,190.0.1.1,190.0.1.4,1052,NetworkSendToLower,0,170,20,Data,IPPROTO_UDP,0,,0.0
614,8.0,1,N1S172,190.0.1.1,190.0.1.4,1052,NetworkSendToLower,0,172,20,Data,IPPROTO_UDP,0,,0.0
630,8.1,1,N1S175,190.0.1.1,190.0.1.4,1052,NetworkSendToLower,0,175,20,Data,IPPROTO_UDP,0,,0.0
642,8.129318107,1,N1S174,190.0.1.1,255.255.255.255,56,NetworkSendToLower,0,174,20,Data,IPPROTO_UDP,192,,0.0
652,8.2,1,N1S177,190.0.1.1,190.0.1.4,1052,NetworkSendToLower,0,177,20,Data,IPPROTO_UDP,0,,0.0
662,8.3,1,N1S179,190.0.1.1,190.0.1.4,1052,NetworkSendToLower,0,179,20,Data,IPPROTO_UDP,0,,0.0
672,8.4,1,N1S181,190.0.1.1,190.0.1.4,1052,NetworkSendToLower,0,181,20,Data,IPPROTO_UDP,0,,0.0
682,8.5,1,N1S183,190.0.1.1,190.0.1.4,1052,NetworkSendToLower,0,183,20,Data,IPPROTO_UDP,0,,0.0
692,8.6,1,N1S185,190.0.1.1,190.0.1.4,1052,NetworkSendToLower,0,185,20,Data,IPPROTO_UDP,0,,0.0
702,8.7,1,N1S187,190.0.1.1,190.0.1.4,1052,NetworkSendToLower,0,187,20,Data,IPPROTO_UDP,0,,0.0
712,8.8,1,N1S189,190.0.1.1,190.0.1.4,1052,NetworkSendToLower,0,189,20,Data,IPPROTO_UDP,0,,0.0
722,8.9,1,N1S191,190.0.1.1,190.0.1.4,1052,NetworkSendToLower,0,191,20,Data,IPPROTO_UDP,0,,0.0
732,9.0,1,N1S193,190.0.1.1,190.0.1.4,1052,NetworkSendToLower,0,193,20,Data,IPPROTO_UDP,0,,0.0
742,9.1,1,N1S195,190.0.1.1,190.0.1.4,1052,NetworkSendToLower,0,195,20,Data,IPPROTO_UDP,0,,0.0
752,9.2,1,N1S197,190.0.1.1,190.0.1.4,1052,NetworkSendToLower,0,197,20,Data,IPPROTO_UDP,0,,0.0
762,9.3,1,N1S199,190.0.1.1,190.0.1.4,1052,NetworkSendToLower,0,199,20,Data,IPPROTO_UDP,0,,0.0
772,9.4,1,N1S201,190.0.1.1,190.0.1.4,1052,NetworkSendToLower,0,201,20,Data,IPPROTO_UDP,0,,0.0
782,9.5,1,N1S203,190.0.1.1,190.0.1.4,1052,NetworkSendToLower,0,203,20,Data,IPPROTO_UDP,0,,0.0
792,9.6,1,N1S205,190.0.1.1,190.0.1.4,1052,NetworkSendToLower,0,205,20,Data,IPPROTO_UDP,0,,0.0
802,9.7,1,N1S207,190.0.1.1,190.0.1.4,1052,NetworkSendToLower,0,207,20,Data,IPPROTO_UDP,0,,0.0
812,9.8,1,N1S209,190.0.1.1,190.0.1.4,1052,NetworkSendToLower,0,209,20,Data,IPPROTO_UDP,0,,0.0
822,9.9,1,N1S211,190.0.1.1,190.0.1.4,1052,NetworkSendToLower,0,211,20,Data,IPPROTO_UDP,0,,0.0
832,10.0,1,N1S213,190.0.1.1,190.0.1.4,1052,NetworkSendToLower,0,213,20,Data,IPPROTO_UDP,0,,0.0
852,10.1,1,N1S216,190.0.1.1,190.0.1.4,1052,NetworkSendToLower,0,216,20,Data,IPPROTO_UDP,0,,0.0
861,10.12785017,1,N1S215,190.0.1.1,255.255.255.255,56,NetworkSendToLower,0,215,20,Data,IPPROTO_UDP,192,,0.0
870,10.2,1,N1S218,190.0.1.1,190.0.1.4,1052,NetworkSendToLower,0,218,20,Data,IPPROTO_UDP,0,,0.0
880,10.3,1,N1S220,190.0.1.1,190.0.1.4,1052,NetworkSendToLower,0,220,20,Data,IPPROTO_UDP,0,,0.0
890,10.4,1,N1S222,190.0.1.1,190.0.1.4,1052,NetworkSendToLower,0,222,20,Data,IPPROTO_UDP,0,,0.0
910,10.5,1,N1S224,190.0.1.1,190.0.1.4,1052,NetworkSendToLower,0,224,20,Data,IPPROTO_UDP,0,,0.0
920,10.6,1,N1S226,190.0.1.1,190.0.1.4,1052,NetworkSendToLower,0,226,20,Data,IPPROTO_UDP,0,,0.0
930,10.7,1,N1S228,190.0.1.1,190.0.1.4,1052,NetworkSendToLower,0,228,20,Data,IPPROTO_UDP,0,,0.0
940,10.8,1,N1S230,190.0.1.1,190.0.1.4,1052,NetworkSendToLower,0,230,20,Data,IPPROTO_UDP,0,,0.0
956,10.9,1,N1S232,190.0.1.1,190.0.1.4,1052,NetworkSendToLower,0,232,20,Data,IPPROTO_UDP,0,,0.0
966,11.0,1,N1S234,190.0.1.1,190.0.1.4,1052,NetworkSendToLower,0,234,20,Data,IPPROTO_UDP,0,,0.0
976,11.1,1,N1S236,190.0.1.1,190.0.1.4,1052,NetworkSendToLower,0,236,20,Data,IPPROTO_UDP,0,,0.0
986,11.2,1,N1S238,190.0.1.1,190.0.1.4,1052,NetworkSendToLower,0,238,20,Data,IPPROTO_UDP,0,,0.0
996,11.3,1,N1S240,190.0.1.1,190.0.1.4,1052,NetworkSendToLower,0,240,20,Data,IPPROTO_UDP,0,,0.0
1006,11.4,1,N1S242,190.0.1.1,190.0.1.4,1052,NetworkSendToLower,0,242,20,Data,IPPROTO_UDP,0,,0.0
1016,11.5,1,N1S245,190.0.1.1,190.0.1.4,1052,NetworkSendToLower,0,245,20,Data,IPPROTO_UDP,0,,0.0
1026,11.6,1,N1S247,190.0.1.1,190.0.1.4,1052,NetworkSendToLower,0,247,20,Data,IPPROTO_UDP,0,,0.0
1036,11.7,1,N1S249,190.0.1.1,190.0.1.4,1052,NetworkSendToLower,0,249,20,Data,IPPROTO_UDP,0,,0.0
1046,11.8,1,N1S251,190.0.1.1,190.0.1.4,1052,NetworkSendToLower,0,251,20,Data,IPPROTO_UDP,0,,0.0
1056,11.9,1,N1S253,190.0.1.1,190.0.1.4,1052,NetworkSendToLower,0,253,20,Data,IPPROTO_UDP,0,,0.0
1066,12.0,1,N1S255,190.0.1.1,190.0.1.4,1052,NetworkSendToLower,0,255,20,Data,IPPROTO_UDP,0,,0.0
1086,12.1,1,N1S258,190.0.1.1,190.0.1.4,1052,NetworkSendToLower,0,258,20,Data,IPPROTO_UDP,0,,0.0
1102,12.158737796,1,N1S257,190.0.1.1,255.255.255.255,56,NetworkSendToLower,0,257,20,Data,IPPROTO_UDP,192,,0.0
1106,12.2,1,N1S260,190.0.1.1,190.0.1.4,1052,NetworkSendToLower,0,260,20,Data,IPPROTO_UDP,0,,0.0
1116,12.3,1,N1S262,190.0.1.1,190.0.1.4,1052,NetworkSendToLower,0,262,20,Data,IPPROTO_UDP,0,,0.0
1126,12.4,1,N1S264,190.0.1.1,190.0.1.4,1052,NetworkSendToLower,0,264,20,Data,IPPROTO_UDP,0,,0.0
1136,12.5,1,N1S266,190.0.1.1,190.0.1.4,1052,NetworkSendToLower,0,266,20,Data,IPPROTO_UDP,0,,0.0
1146,12.6,1,N1S268,190.0.1.1,190.0.1.4,1052,NetworkSendToLower,0,268,20,Data,IPPROTO_UDP,0,,0.0
1156,12.7,1,N1S270,190.0.1.1,190.0.1.4,1052,NetworkSendToLower,0,270,20,Data,IPPROTO_UDP,0,,0.0
1166,12.8,1,N1S272,190.0.1.1,190.0.1.4,1052,NetworkSendToLower,0,272,20,Data,IPPROTO_UDP,0,,0.0
1176,12.9,1,N1S274,190.0.1.1,190.0.1.4,1052,NetworkSendToLower,0,274,20,Data,IPPROTO_UDP,0,,0.0
1186,13.0,1,N1S276,190.0.1.1,190.0.1.4,1052,NetworkSendToLower,0,276,20,Data,IPPROTO_UDP,0,,0.0
1196,13.1,1,N1S278,190.0.1.1,190.0.1.4,1052,NetworkSendToLower,0,278,20,Data,IPPROTO_UDP,0,,0.0
1206,13.2,1,N1S280,190.0.1.1,190.0.1.4,1052,NetworkSendToLower,0,280,20,Data,IPPROTO_UDP,0,,0.0
1216,13.3,1,N1S282,190.0.1.1,190.0.1.4,1052,NetworkSendToLower,0,282,20,Data,IPPROTO_UDP,0,,0.0
1226,13.4,1,N1S284,190.0.1.1,190.0.1.4,1052,NetworkSendToLower,0,284,20,Data,IPPROTO_UDP,0,,0.0
1236,13.5,1,N1S286,190.0.1.1,190.0.1.4,1052,NetworkSendToLower,0,286,20,Data,IPPROTO_UDP,0,,0.0
1246,13.6,1,N1S288,190.0.1.1,190.0.1.4,1052,NetworkSendToLower,0,288,20,Data,IPPROTO_UDP,0,,0.0
1256,13.7,1,N1S290,190.0.1.1,190.0.1.4,1052,NetworkSendToLower,0,290,20,Data,IPPROTO_UDP,0,,0.0
1266,13.8,1,N1S292,190.0.1.1,190.0.1.4,1052,NetworkSendToLower,0,292,20,Data,IPPROTO_UDP,0,,0.0
1276,13.9,1,N1S294,190.0.1.1,190.0.1.4,1052,NetworkSendToLower,0,294,20,Data,IPPROTO_UDP,0,,0.0
1293,14.0,1,N1S298,190.0.1.1,190.0.1.4,1052,NetworkSendToLower,0,298,20,Data,IPPROTO_UDP,0,,0.0
1313,14.094124295,1,N1S300,190.0.1.1,255.255.255.255,56,NetworkSendToLower,0,300,20,Data,IPPROTO_UDP,192,,0.0
1317,14.1,1,N1S301,190.0.1.1,190.0.1.4,1052,NetworkSendToLower,0,301,20,Data,IPPROTO_UDP,0,,0.0
1333,14.2,1,N1S303,190.0.1.1,190.0.1.4,1052,NetworkSendToLower,0,303,20,Data,IPPROTO_UDP,0,,0.0
1343,14.3,1,N1S305,190.0.1.1,190.0.1.4,1052,NetworkSendToLower,0,305,20,Data,IPPROTO_UDP,0,,0.0
1353,14.4,1,N1S307,190.0.1.1,190.0.1.4,1052,NetworkSendToLower,0,307,20,Data,IPPROTO_UDP,0,,0.0
1363,14.5,1,N1S310,190.0.1.1,190.0.1.4,1052,NetworkSendToLower,0,310,20,Data,IPPROTO_UDP,0,,0.0
1373,14.6,1,N1S313,190.0.1.1,190.0.1.4,1052,NetworkSendToLower,0,313,20,Data,IPPROTO_UDP,0,,0.0
1383,14.7,1,N1S315,190.0.1.1,190.0.1.4,1052,NetworkSendToLower,0,315,20,Data,IPPROTO_UDP,0,,0.0
1393,14.8,1,N1S317,190.0.1.1,190.0.1.4,1052,NetworkSendToLower,0,317,20,Data,IPPROTO_UDP,0,,0.0
1403,14.9,1,N1S319,190.0.1.1,190.0.1.4,1052,NetworkSendToLower,0,319,20,Data,IPPROTO_UDP,0,,0.0
1413,15.0,1,N1S321,190.0.1.1,190.0.1.4,1052,NetworkSendToLower,0,321,20,Data,IPPROTO_UDP,0,,0.0
1423,15.1,1,N1S323,190.0.1.1,190.0.1.4,1052,NetworkSendToLower,0,323,20,Data,IPPROTO_UDP,0,,0.0
1433,15.2,1,N1S325,190.0.1.1,190.0.1.4,1052,NetworkSendToLower,0,325,20,Data,IPPROTO_UDP,0,,0.0
1449,15.3,1,N1S327,190.0.1.1,190.0.1.4,1052,NetworkSendToLower,0,327,20,Data,IPPROTO_UDP,0,,0.0
1465,15.4,1,N1S329,190.0.1.1,190.0.1.4,1052,NetworkSendToLower,0,329,20,Data,IPPROTO_UDP,0,,0.0
1475,15.5,1,N1S331,190.0.1.1,190.0.1.4,1052,NetworkSendToLower,0,331,20,Data,IPPROTO_UDP,0,,0.0
1491,15.6,1,N1S333,190.0.1.1,190.0.1.4,1052,NetworkSendToLower,0,333,20,Data,IPPROTO_UDP,0,,0.0
1501,15.7,1,N1S335,190.0.1.1,190.0.1.4,1052,NetworkSendToLower,0,335,20,Data,IPPROTO_UDP,0,,0.0
1511,15.8,1,N1S337,190.0.1.1,190.0.1.4,1052,NetworkSendToLower,0,337,20,Data,IPPROTO_UDP,0,,0.0
1521,15.9,1,N1S339,190.0.1.1,190.0.1.4,1052,NetworkSendToLower,0,339,20,Data,IPPROTO_UDP,0,,0.0
1537,16.0,1,N1S341,190.0.1.1,190.0.1.4,1052,NetworkSendToLower,0,341,20,Data,IPPROTO_UDP,0,,0.0
1557,16.073455899,1,N1S343,190.0.1.1,255.255.255.255,56,NetworkSendToLower,0,343,20,Data,IPPROTO_UDP,192,,0.0
1561,16.1,1,N1S344,190.0.1.1,190.0.1.4,1052,NetworkSendToLower,0,344,20,Data,IPPROTO_UDP,0,,0.0
1577,16.2,1,N1S346,190.0.1.1,190.0.1.4,1052,NetworkSendToLower,0,346,20,Data,IPPROTO_UDP,0,,0.0
1587,16.3,1,N1S348,190.0.1.1,190.0.1.4,1052,NetworkSendToLower,0,348,20,Data,IPPROTO_UDP,0,,0.0
1597,16.4,1,N1S350,190.0.1.1,190.0.1.4,1052,NetworkSendToLower,0,350,20,Data,IPPROTO_UDP,0,,0.0
1607,16.5,1,N1S352,190.0.1.1,190.0.1.4,1052,NetworkSendToLower,0,352,20,Data,IPPROTO_UDP,0,,0.0
1617,16.6,1,N1S354,190.0.1.1,190.0.1.4,1052,NetworkSendToLower,0,354,20,Data,IPPROTO_UDP,0,,0.0
1627,16.7,1,N1S357,190.0.1.1,190.0.1.4,1052,NetworkSendToLower,0,357,20,Data,IPPROTO_UDP,0,,0.0
1637,16.8,1,N1S359,190.0.1.1,190.0.1.4,1052,NetworkSendToLower,0,359,20,Data,IPPROTO_UDP,0,,0.0
1647,16.9,1,N1S361,190.0.1.1,190.0.1.4,1052,NetworkSendToLower,0,361,20,Data,IPPROTO_UDP,0,,0.0
1657,17.0,1,N1S363,190.0.1.1,190.0.1.4,1052,NetworkSendToLower,0,363,20,Data,IPPROTO_UDP,0,,0.0
1667,17.1,1,N1S365,190.0.1.1,190.0.1.4,1052,NetworkSendToLower,0,365,20,Data,IPPROTO_UDP,0,,0.0
1677,17.2,1,N1S367,190.0.1.1,190.0.1.4,1052,NetworkSendToLower,0,367,20,Data,IPPROTO_UDP,0,,0.0
1687,17.3,1,N1S369,190.0.1.1,190.0.1.4,1052,NetworkSendToLower,0,369,20,Data,IPPROTO_UDP,0,,0.0
1697,17.4,1,N1S371,190.0.1.1,190.0.1.4,1052,NetworkSendToLower,0,371,20,Data,IPPROTO_UDP,0,,0.0
1707,17.5,1,N1S373,190.0.1.1,190.0.1.4,1052,NetworkSendToLower,0,373,20,Data,IPPROTO_UDP,0,,0.0
1717,17.6,1,N1S375,190.0.1.1,190.0.1.4,1052,NetworkSendToLower,0,375,20,Data,IPPROTO_UDP,0,,0.0
1727,17.7,1,N1S377,190.0.1.1,190.0.1.4,1052,NetworkSendToLower,0,377,20,Data,IPPROTO_UDP,0,,0.0
1737,17.8,1,N1S379,190.0.1.1,190.0.1.4,1052,NetworkSendToLower,0,379,20,Data,IPPROTO_UDP,0,,0.0
1747,17.9,1,N1S381,190.0.1.1,190.0.1.4,1052,NetworkSendToLower,0,381,20,Data,IPPROTO_UDP,0,,0.0
1757,18.0,1,N1S383,190.0.1.1,190.0.1.4,1052,NetworkSendToLower,0,383,20,Data,IPPROTO_UDP,0,,0.0
1777,18.1,1,N1S386,190.0.1.1,190.0.1.4,1052,NetworkSendToLower,0,386,20,Data,IPPROTO_UDP,0,,0.0
1787,18.134282927,1,N1S385,190.0.1.1,255.255.255.255,56,NetworkSendToLower,0,385,20,Data,IPPROTO_UDP,192,,0.0
1797,18.2,1,N1S388,190.0.1.1,190.0.1.4,1052,NetworkSendToLower,0,388,20,Data,IPPROTO_UDP,0,,0.0
1807,18.3,1,N1S390,190.0.1.1,190.0.1.4,1052,NetworkSendToLower,0,390,20,Data,IPPROTO_UDP,0,,0.0
1817,18.4,1,N1S393,190.0.1.1,190.0.1.4,1052,NetworkSendToLower,0,393,20,Data,IPPROTO_UDP,0,,0.0
1827,18.5,1,N1S395,190.0.1.1,190.0.1.4,1052,NetworkSendToLower,0,395,20,Data,IPPROTO_UDP,0,,0.0
1837,18.6,1,N1S397,190.0.1.1,190.0.1.4,1052,NetworkSendToLower,0,397,20,Data,IPPROTO_UDP,0,,0.0
1847,18.7,1,N1S399,190.0.1.1,190.0.1.4,1052,NetworkSendToLower,0,399,20,Data,IPPROTO_UDP,0,,0.0
1857,18.8,1,N1S401,190.0.1.1,190.0.1.4,1052,NetworkSendToLower,0,401,20,Data,IPPROTO_UDP,0,,0.0
1867,18.9,1,N1S403,190.0.1.1,190.0.1.4,1052,NetworkSendToLower,0,403,20,Data,IPPROTO_UDP,0,,0.0
1877,19.0,1,N1S405,190.0.1.1,190.0.1.4,1052,NetworkSendToLower,0,405,20,Data,IPPROTO_UDP,0,,0.0
1887,19.1,1,N1S407,190.0.1.1,190.0.1.4,1052,NetworkSendToLower,0,407,20,Data,IPPROTO_UDP,0,,0.0
1897,19.2,1,N1S409,190.0.1.1,190.0.1.4,1052,NetworkSendToLower,0,409,20,Data,IPPROTO_UDP,0,,0.0
1907,19.3,1,N1S411,190.0.1.1,190.0.1.4,1052,NetworkSendToLower,0,411,20,Data,IPPROTO_UDP,0,,0.0
1917,19.4,1,N1S413,190.0.1.1,190.0.1.4,1052,NetworkSendToLower,0,413,20,Data,IPPROTO_UDP,0,,0.0
1927,19.5,1,N1S415,190.0.1.1,190.0.1.4,1052,NetworkSendToLower,0,415,20,Data,IPPROTO_UDP,0,,0.0
1937,19.6,1,N1S417,190.0.1.1,190.0.1.4,1052,NetworkSendToLower,0,417,20,Data,IPPROTO_UDP,0,,0.0
1947,19.7,1,N1S419,190.0.1.1,190.0.1.4,1052,NetworkSendToLower,0,419,20,Data,IPPROTO_UDP,0,,0.0
1957,19.8,1,N1S421,190.0.1.1,190.0.1.4,1052,NetworkSendToLower,0,421,20,Data,IPPROTO_UDP,0,,0.0
1967,19.9,1,N1S423,190.0.1.1,190.0.1.4,1052,NetworkSendToLower,0,423,20,Data,IPPROTO_UDP,0,,0.0
1977,20.0,1,N1S425,190.0.1.1,190.0.1.4,1052,NetworkSendToLower,0,425,20,Data,IPPROTO_UDP,0,,0.0
2002,20.1,1,N1S431,190.0.1.1,190.0.1.4,1052,NetworkSendToLower,0,431,20,Data,IPPROTO_UDP,0,,0.0
2012,20.138180908,1,N1S430,190.0.1.1,255.255.255.255,56,NetworkSendToLower,0,430,20,Data,IPPROTO_UDP,192,,0.0
2022,20.2,1,N1S433,190.0.1.1,190.0.1.4,1052,NetworkSendToLower,0,433,20,Data,IPPROTO_UDP,0,,0.0
2038,20.3,1,N1S435,190.0.1.1,190.0.1.4,1052,NetworkSendToLower,0,435,20,Data,IPPROTO_UDP,0,,0.0
2048,20.4,1,N1S437,190.0.1.1,190.0.1.4,1052,NetworkSendToLower,0,437,20,Data,IPPROTO_UDP,0,,0.0
2064,20.5,1,N1S439,190.0.1.1,190.0.1.4,1052,NetworkSendToLower,0,439,20,Data,IPPROTO_UDP,0,,0.0
2074,20.6,1,N1S441,190.0.1.1,190.0.1.4,1052,NetworkSendToLower,0,441,20,Data,IPPROTO_UDP,0,,0.0
2096,20.7,1,N1S443,190.0.1.1,190.0.1.4,1052,NetworkSendToLower,0,443,20,Data,IPPROTO_UDP,0,,0.0
2106,20.8,1,N1S445,190.0.1.1,190.0.1.4,1052,NetworkSendToLower,0,445,20,Data,IPPROTO_UDP,0,,0.0
2116,20.9,1,N1S447,190.0.1.1,190.0.1.4,1052,NetworkSendToLower,0,447,20,Data,IPPROTO_UDP,0,,0.0
2126,21.0,1,N1S449,190.0.1.1,190.0.1.4,1052,NetworkSendToLower,0,449,20,Data,IPPROTO_UDP,0,,0.0
2136,21.1,1,N1S451,190.0.1.1,190.0.1.4,1052,NetworkSendToLower,0,451,20,Data,IPPROTO_UDP,0,,0.0
2146,21.2,1,N1S453,190.0.1.1,190.0.1.4,1052,NetworkSendToLower,0,453,20,Data,IPPROTO_UDP,0,,0.0
2156,21.3,1,N1S455,190.0.1.1,190.0.1.4,1052,NetworkSendToLower,0,455,20,Data,IPPROTO_UDP,0,,0.0
2166,21.4,1,N1S457,190.0.1.1,190.0.1.4,1052,NetworkSendToLower,0,457,20,Data,IPPROTO_UDP,0,,0.0
2176,21.5,1,N1S459,190.0.1.1,190.0.1.4,1052,NetworkSendToLower,0,459,20,Data,IPPROTO_UDP,0,,0.0
2186,21.6,1,N1S461,190.0.1.1,190.0.1.4,1052,NetworkSendToLower,0,461,20,Data,IPPROTO_UDP,0,,0.0
2196,21.7,1,N1S463,190.0.1.1,190.0.1.4,1052,NetworkSendToLower,0,463,20,Data,IPPROTO_UDP,0,,0.0
2206,21.8,1,N1S465,190.0.1.1,190.0.1.4,1052,NetworkSendToLower,0,465,20,Data,IPPROTO_UDP,0,,0.0
2221,21.9,1,N1S469,190.0.1.1,190.0.1.4,1052,NetworkSendToLower,0,469,20,Data,IPPROTO_UDP,0,,0.0
2231,22.0,1,N1S471,190.0.1.1,190.0.1.4,1052,NetworkSendToLower,0,471,20,Data,IPPROTO_UDP,0,,0.0
2253,22.087503687,1,N1S473,190.0.1.1,255.255.255.255,56,NetworkSendToLower,0,473,20,Data,IPPROTO_UDP,192,,0.0
2257,22.1,1,N1S474,190.0.1.1,190.0.1.4,1052,NetworkSendToLower,0,474,20,Data,IPPROTO_UDP,0,,0.0
2271,22.2,1,N1S476,190.0.1.1,190.0.1.4,1052,NetworkSendToLower,0,476,20,Data,IPPROTO_UDP,0,,0.0
2281,22.3,1,N1S478,190.0.1.1,190.0.1.4,1052,NetworkSendToLower,0,478,20,Data,IPPROTO_UDP,0,,0.0
2291,22.4,1,N1S480,190.0.1.1,190.0.1.4,1052,NetworkSendToLower,0,480,20,Data,IPPROTO_UDP,0,,0.0
2301,22.5,1,N1S482,190.0.1.1,190.0.1.4,1052,NetworkSendToLower,0,482,20,Data,IPPROTO_UDP,0,,0.0
2311,22.6,1,N1S484,190.0.1.1,190.0.1.4,1052,NetworkSendToLower,0,484,20,Data,IPPROTO_UDP,0,,0.0
2321,22.7,1,N1S486,190.0.1.1,190.0.1.4,1052,NetworkSendToLower,0,486,20,Data,IPPROTO_UDP,0,,0.0
2336,22.8,1,N1S490,190.0.1.1,190.0.1.4,1052,NetworkSendToLower,0,490,20,Data,IPPROTO_UDP,0,,0.0
2346,22.9,1,N1S492,190.0.1.1,190.0.1.4,1052,NetworkSendToLower,0,492,20,Data,IPPROTO_UDP,0,,0.0
2356,23.0,1,N1S494,190.0.1.1,190.0.1.4,1052,NetworkSendToLower,0,494,20,Data,IPPROTO_UDP,0,,0.0
2366,23.1,1,N1S496,190.0.1.1,190.0.1.4,1052,NetworkSendToLower,0,496,20,Data,IPPROTO_UDP,0,,0.0
2376,23.2,1,N1S498,190.0.1.1,190.0.1.4,1052,NetworkSendToLower,0,498,20,Data,IPPROTO_UDP,0,,0.0
2386,23.3,1,N1S500,190.0.1.1,190.0.1.4,1052,NetworkSendToLower,0,500,20,Data,IPPROTO_UDP,0,,0.0
2396,23.4,1,N1S502,190.0.1.1,190.0.1.4,1052,NetworkSendToLower,0,502,20,Data,IPPROTO_UDP,0,,0.0
2406,23.5,1,N1S504,190.0.1.1,190.0.1.4,1052,NetworkSendToLower,0,504,20,Data,IPPROTO_UDP,0,,0.0
2416,23.6,1,N1S506,190.0.1.1,190.0.1.4,1052,NetworkSendToLower,0,506,20,Data,IPPROTO_UDP,0,,0.0
2426,23.7,1,N1S508,190.0.1.1,190.0.1.4,1052,NetworkSendToLower,0,508,20,Data,IPPROTO_UDP,0,,0.0
2436,23.8,1,N1S510,190.0.1.1,190.0.1.4,1052,NetworkSendToLower,0,510,20,Data,IPPROTO_UDP,0,,0.0
2446,23.9,1,N1S513,190.0.1.1,190.0.1.4,1052,NetworkSendToLower,0,513,20,Data,IPPROTO_UDP,0,,0.0
2456,24.0,1,N1S515,190.0.1.1,190.0.1.4,1052,NetworkSendToLower,0,515,20,Data,IPPROTO_UDP,0,,0.0
2482,24.1,1,N1S518,190.0.1.1,190.0.1.4,1052,NetworkSendToLower,0,518,20,Data,IPPROTO_UDP,0,,0.0
2490,24.135333992,1,N1S517,190.0.1.1,255.255.255.255,56,NetworkSendToLower,0,517,20,Data,IPPROTO_UDP,192,,0.0
2501,24.2,1,N1S522,190.0.1.1,190.0.1.4,1052,NetworkSendToLower,0,522,20,Data,IPPROTO_UDP,0,,0.0
2511,24.3,1,N1S524,190.0.1.1,190.0.1.4,1052,NetworkSendToLower,0,524,20,Data,IPPROTO_UDP,0,,0.0
2521,24.4,1,N1S526,190.0.1.1,190.0.1.4,1052,NetworkSendToLower,0,526,20,Data,IPPROTO_UDP,0,,0.0
2531,24.5,1,N1S528,190.0.1.1,190.0.1.4,1052,NetworkSendToLower,0,528,20,Data,IPPROTO_UDP,0,,0.0
2541,24.6,1,N1S530,190.0.1.1,190.0.1.4,1052,NetworkSendToLower,0,530,20,Data,IPPROTO_UDP,0,,0.0
2551,24.7,1,N1S532,190.0.1.1,190.0.1.4,1052,NetworkSendToLower,0,532,20,Data,IPPROTO_UDP,0,,0.0
2561,24.8,1,N1S534,190.0.1.1,190.0.1.4,1052,NetworkSendToLower,0,534,20,Data,IPPROTO_UDP,0,,0.0
2571,24.9,1,N1S536,190.0.1.1,190.0.1.4,1052,NetworkSendToLower,0,536,20,Data,IPPROTO_UDP,0,,0.0
2581,25.0,1,N1S538,190.0.1.1,190.0.1.4,1052,NetworkSendToLower,0,538,20,Data,IPPROTO_UDP,0,,0.0
2591,25.1,1,N1S540,190.0.1.1,190.0.1.4,1052,NetworkSendToLower,0,540,20,Data,IPPROTO_UDP,0,,0.0
2607,25.2,1,N1S542,190.0.1.1,190.0.1.4,1052,NetworkSendToLower,0,542,20,Data,IPPROTO_UDP,0,,0.0
2623,25.3,1,N1S544,190.0.1.1,190.0.1.4,1052,NetworkSendToLower,0,544,20,Data,IPPROTO_UDP,0,,0.0
2639,25.4,1,N1S546,190.0.1.1,190.0.1.4,1052,NetworkSendToLower,0,546,20,Data,IPPROTO_UDP,0,,0.0
2655,25.5,1,N1S548,190.0.1.1,190.0.1.4,1052,NetworkSendToLower,0,548,20,Data,IPPROTO_UDP,0,,0.0
2665,25.6,1,N1S550,190.0.1.1,190.0.1.4,1052,NetworkSendToLower,0,550,20,Data,IPPROTO_UDP,0,,0.0
2675,25.7,1,N1S552,190.0.1.1,190.0.1.4,1052,NetworkSendToLower,0,552,20,Data,IPPROTO_UDP,0,,0.0
2685,25.8,1,N1S554,190.0.1.1,190.0.1.4,1052,NetworkSendToLower,0,554,20,Data,IPPROTO_UDP,0,,0.0
2695,25.9,1,N1S556,190.0.1.1,190.0.1.4,1052,NetworkSendToLower,0,556,20,Data,IPPROTO_UDP,0,,0.0
2705,26.0,1,N1S558,190.0.1.1,190.0.1.4,1052,NetworkSendToLower,0,558,20,Data,IPPROTO_UDP,0,,0.0
2721,26.087827111,1,N1S560,190.0.1.1,255.255.255.255,56,NetworkSendToLower,0,560,20,Data,IPPROTO_UDP,192,,0.0
2725,26.1,1,N1S561,190.0.1.1,190.0.1.4,1052,NetworkSendToLower,0,561,20,Data,IPPROTO_UDP,0,,0.0
2745,26.2,1,N1S563,190.0.1.1,190.0.1.4,1052,NetworkSendToLower,0,563,20,Data,IPPROTO_UDP,0,,0.0
2755,26.3,1,N1S565,190.0.1.1,190.0.1.4,1052,NetworkSendToLower,0,565,20,Data,IPPROTO_UDP,0,,0.0
2765,26.4,1,N1S567,190.0.1.1,190.0.1.4,1052,NetworkSendToLower,0,567,20,Data,IPPROTO_UDP,0,,0.0
2775,26.5,1,N1S569,190.0.1.1,190.0.1.4,1052,NetworkSendToLower,0,569,20,Data,IPPROTO_UDP,0,,0.0
2785,26.6,1,N1S571,190.0.1.1,190.0.1.4,1052,NetworkSendToLower,0,571,20,Data,IPPROTO_UDP,0,,0.0
2795,26.7,1,N1S574,190.0.1.1,190.0.1.4,1052,NetworkSendToLower,0,574,20,Data,IPPROTO_UDP,0,,0.0
2810,26.8,1,N1S578,190.0.1.1,190.0.1.4,1052,NetworkSendToLower,0,578,20,Data,IPPROTO_UDP,0,,0.0
2820,26.9,1,N1S580,190.0.1.1,190.0.1.4,1052,NetworkSendToLower,0,580,20,Data,IPPROTO_UDP,0,,0.0
2830,27.0,1,N1S582,190.0.1.1,190.0.1.4,1052,NetworkSendToLower,0,582,20,Data,IPPROTO_UDP,0,,0.0
2840,27.1,1,N1S584,190.0.1.1,190.0.1.4,1052,NetworkSendToLower,0,584,20,Data,IPPROTO_UDP,0,,0.0
2850,27.2,1,N1S586,190.0.1.1,190.0.1.4,1052,NetworkSendToLower,0,586,20,Data,IPPROTO_UDP,0,,0.0
2860,27.3,1,N1S588,190.0.1.1,190.0.1.4,1052,NetworkSendToLower,0,588,20,Data,IPPROTO_UDP,0,,0.0
2870,27.4,1,N1S590,190.0.1.1,190.0.1.4,1052,NetworkSendToLower,0,590,20,Data,IPPROTO_UDP,0,,0.0
2880,27.5,1,N1S592,190.0.1.1,190.0.1.4,1052,NetworkSendToLower,0,592,20,Data,IPPROTO_UDP,0,,0.0
2890,27.6,1,N1S594,190.0.1.1,190.0.1.4,1052,NetworkSendToLower,0,594,20,Data,IPPROTO_UDP,0,,0.0
2905,27.7,1,N1S598,190.0.1.1,190.0.1.4,1052,NetworkSendToLower,0,598,20,Data,IPPROTO_UDP,0,,0.0
2915,27.8,1,N1S600,190.0.1.1,190.0.1.4,1052,NetworkSendToLower,0,600,20,Data,IPPROTO_UDP,0,,0.0
2925,27.9,1,N1S602,190.0.1.1,190.0.1.4,1052,NetworkSendToLower,0,602,20,Data,IPPROTO_UDP,0,,0.0
2940,28.0,1,N1S606,190.0.1.1,190.0.1.4,1052,NetworkSendToLower,0,606,20,Data,IPPROTO_UDP,0,,0.0
2956,28.098728281,1,N1S608,190.0.1.1,255.255.255.255,56,NetworkSendToLower,0,608,20,Data,IPPROTO_UDP,192,,0.0
2960,28.1,1,N1S609,190.0.1.1,190.0.1.4,1052,NetworkSendToLower,0,609,20,Data,IPPROTO_UDP,0,,0.0
2978,28.2,1,N1S612,190.0.1.1,190.0.1.4,1052,NetworkSendToLower,0,612,20,Data,IPPROTO_UDP,0,,0.0
2988,28.3,1,N1S614,190.0.1.1,190.0.1.4,1052,NetworkSendToLower,0,614,20,Data,IPPROTO_UDP,0,,0.0
2998,28.4,1,N1S616,190.0.1.1,190.0.1.4,1052,NetworkSendToLower,0,616,20,Data,IPPROTO_UDP,0,,0.0
3008,28.5,1,N1S618,190.0.1.1,190.0.1.4,1052,NetworkSendToLower,0,618,20,Data,IPPROTO_UDP,0,,0.0
3018,28.6,1,N1S620,190.0.1.1,190.0.1.4,1052,NetworkSendToLower,0,620,20,Data,IPPROTO_UDP,0,,0.0
3028,28.7,1,N1S622,190.0.1.1,190.0.1.4,1052,NetworkSendToLower,0,622,20,Data,IPPROTO_UDP,0,,0.0
3038,28.8,1,N1S624,190.0.1.1,190.0.1.4,1052,NetworkSendToLower,0,624,20,Data,IPPROTO_UDP,0,,0.0
3048,28.9,1,N1S626,190.0.1.1,190.0.1.4,1052,NetworkSendToLower,0,626,20,Data,IPPROTO_UDP,0,,0.0
3058,29.0,1,N1S628,190.0.1.1,190.0.1.4,1052,NetworkSendToLower,0,628,20,Data,IPPROTO_UDP,0,,0.0
3068,29.1,1,N1S630,190.0.1.1,190.0.1.4,1052,NetworkSendToLower,0,630,20,Data,IPPROTO_UDP,0,,0.0
3078,29.2,1,N1S632,190.0.1.1,190.0.1.4,1052,NetworkSendToLower,0,632,20,Data,IPPROTO_UDP,0,,0.0
3088,29.3,1,N1S634,190.0.1.1,190.0.1.4,1052,NetworkSendToLower,0,634,20,Data,IPPROTO_UDP,0,,0.0
3098,29.4,1,N1S636,190.0.1.1,190.0.1.4,1052,NetworkSendToLower,0,636,20,Data,IPPROTO_UDP,0,,0.0
3108,29.5,1,N1S638,190.0.1.1,190.0.1.4,1052,NetworkSendToLower,0,638,20,Data,IPPROTO_UDP,0,,0.0
3118,29.6,1,N1S640,190.0.1.1,190.0.1.4,1052,NetworkSendToLower,0,640,20,Data,IPPROTO_UDP,0,,0.0
3128,29.7,1,N1S642,190.0.1.1,190.0.1.4,1052,NetworkSendToLower,0,642,20,Data,IPPROTO_UDP,0,,0.0
3138,29.8,1,N1S644,190.0.1.1,190.0.1.4,1052,NetworkSendToLower,0,644,20,Data,IPPROTO_UDP,0,,0.0
3148,29.9,1,N1S646,190.0.1.1,190.0.1.4,1052,NetworkSendToLower,0,646,20,Data,IPPROTO_UDP,0,,0.0
3158,30.0,1,N1S648,190.0.1.1,190.0.1.4,1052,NetworkSendToLower,0,648,20,Data,IPPROTO_UDP,0,,0.0
3172,30.1,1,N1S651,190.0.1.1,190.0.1.4,1052,NetworkSendToLower,0,651,20,Data,IPPROTO_UDP,0,,0.0
3177,30.105878,1,N1S650,190.0.1.1,255.255.255.255,56,NetworkSendToLower,0,650,20,Data,IPPROTO_UDP,192,,0.0
3201,30.2,1,N1S655,190.0.1.1,190.0.1.4,1052,NetworkSendToLower,0,655,20,Data,IPPROTO_UDP,0,,0.0
3223,30.3,1,N1S657,190.0.1.1,190.0.1.4,1052,NetworkSendToLower,0,657,20,Data,IPPROTO_UDP,0,,0.0
3233,30.4,1,N1S659,190.0.1.1,190.0.1.4,1052,NetworkSendToLower,0,659,20,Data,IPPROTO_UDP,0,,0.0
3243,30.5,1,N1S661,190.0.1.1,190.0.1.4,1052,NetworkSendToLower,0,661,20,Data,IPPROTO_UDP,0,,0.0
3259,30.6,1,N1S663,190.0.1.1,190.0.1.4,1052,NetworkSendToLower,0,663,20,Data,IPPROTO_UDP,0,,0.0
3275,30.7,1,N1S665,190.0.1.1,190.0.1.4,1052,NetworkSendToLower,0,665,20,Data,IPPROTO_UDP,0,,0.0
3285,30.8,1,N1S667,190.0.1.1,190.0.1.4,1052,NetworkSendToLower,0,667,20,Data,IPPROTO_UDP,0,,0.0
3300,30.9,1,N1S671,190.0.1.1,190.0.1.4,1052,NetworkSendToLower,0,671,20,Data,IPPROTO_UDP,0,,0.0
3310,31.0,1,N1S673,190.0.1.1,190.0.1.4,1052,NetworkSendToLower,0,673,20,Data,IPPROTO_UDP,0,,0.0
3320,31.1,1,N1S675,190.0.1.1,190.0.1.4,1052,NetworkSendToLower,0,675,20,Data,IPPROTO_UDP,0,,0.0
3330,31.2,1,N1S677,190.0.1.1,190.0.1.4,1052,NetworkSendToLower,0,677,20,Data,IPPROTO_UDP,0,,0.0
3340,31.3,1,N1S679,190.0.1.1,190.0.1.4,1052,NetworkSendToLower,0,679,20,Data,IPPROTO_UDP,0,,0.0
3355,31.4,1,N1S683,190.0.1.1,190.0.1.4,1052,NetworkSendToLower,0,683,20,Data,IPPROTO_UDP,0,,0.0
3365,31.5,1,N1S685,190.0.1.1,190.0.1.4,1052,NetworkSendToLower,0,685,20,Data,IPPROTO_UDP,0,,0.0
3375,31.6,1,N1S687,190.0.1.1,190.0.1.4,1052,NetworkSendToLower,0,687,20,Data,IPPROTO_UDP,0,,0.0
3385,31.7,1,N1S689,190.0.1.1,190.0.1.4,1052,NetworkSendToLower,0,689,20,Data,IPPROTO_UDP,0,,0.0
3395,31.8,1,N1S691,190.0.1.1,190.0.1.4,1052,NetworkSendToLower,0,691,20,Data,IPPROTO_UDP,0,,0.0
3405,31.9,1,N1S693,190.0.1.1,190.0.1.4,1052,NetworkSendToLower,0,693,20,Data,IPPROTO_UDP,0,,0.0
3415,32.0,1,N1S695,190.0.1.1,190.0.1.4,1052,NetworkSendToLower,0,695,20,Data,IPPROTO_UDP,0,,0.0
3431,32.067831112,1,N1S697,190.0.1.1,255.255.255.255,56,NetworkSendToLower,0,697,20,Data,IPPROTO_UDP,192,,0.0
3441,32.1,1,N1S698,190.0.1.1,190.0.1.4,1052,NetworkSendToLower,0,698,20,Data,IPPROTO_UDP,0,,0.0
3453,32.2,1,N1S700,190.0.1.1,190.0.1.4,1052,NetworkSendToLower,0,700,20,Data,IPPROTO_UDP,0,,0.0
3468,32.3,1,N1S704,190.0.1.1,190.0.1.4,1052,NetworkSendToLower,0,704,20,Data,IPPROTO_UDP,0,,0.0
3478,32.4,1,N1S706,190.0.1.1,190.0.1.4,1052,NetworkSendToLower,0,706,20,Data,IPPROTO_UDP,0,,0.0
3488,32.5,1,N1S709,190.0.1.1,190.0.1.4,1052,NetworkSendToLower,0,709,20,Data,IPPROTO_UDP,0,,0.0
3498,32.6,1,N1S711,190.0.1.1,190.0.1.4,1052,NetworkSendToLower,0,711,20,Data,IPPROTO_UDP,0,,0.0
3508,32.7,1,N1S713,190.0.1.1,190.0.1.4,1052,NetworkSendToLower,0,713,20,Data,IPPROTO_UDP,0,,0.0
3518,32.8,1,N1S715,190.0.1.1,190.0.1.4,1052,NetworkSendToLower,0,715,20,Data,IPPROTO_UDP,0,,0.0
3533,32.9,1,N1S719,190.0.1.1,190.0.1.4,1052,NetworkSendToLower,0,719,20,Data,IPPROTO_UDP,0,,0.0
3543,33.0,1,N1S721,190.0.1.1,190.0.1.4,1052,NetworkSendToLower,0,721,20,Data,IPPROTO_UDP,0,,0.0
3553,33.1,1,N1S723,190.0.1.1,190.0.1.4,1052,NetworkSendToLower,0,723,20,Data,IPPROTO_UDP,0,,0.0
3563,33.2,1,N1S725,190.0.1.1,190.0.1.4,1052,NetworkSendToLower,0,725,20,Data,IPPROTO_UDP,0,,0.0
3573,33.3,1,N1S727,190.0.1.1,190.0.1.4,1052,NetworkSendToLower,0,727,20,Data,IPPROTO_UDP,0,,0.0
3583,33.4,1,N1S729,190.0.1.1,190.0.1.4,1052,NetworkSendToLower,0,729,20,Data,IPPROTO_UDP,0,,0.0
3593,33.5,1,N1S731,190.0.1.1,190.0.1.4,1052,NetworkSendToLower,0,731,20,Data,IPPROTO_UDP,0,,0.0
3603,33.6,1,N1S733,190.0.1.1,190.0.1.4,1052,NetworkSendToLower,0,733,20,Data,IPPROTO_UDP,0,,0.0
3613,33.7,1,N1S735,190.0.1.1,190.0.1.4,1052,NetworkSendToLower,0,735,20,Data,IPPROTO_UDP,0,,0.0
3623,33.8,1,N1S737,190.0.1.1,190.0.1.4,1052,NetworkSendToLower,0,737,20,Data,IPPROTO_UDP,0,,0.0
3633,33.9,1,N1S739,190.0.1.1,190.0.1.4,1052,NetworkSendToLower,0,739,20,Data,IPPROTO_UDP,0,,0.0
3643,34.0,1,N1S741,190.0.1.1,190.0.1.4,1052,NetworkSendToLower,0,741,20,Data,IPPROTO_UDP,0,,0.0
3665,34.1,1,N1S744,190.0.1.1,190.0.1.4,1052,NetworkSendToLower,0,744,20,Data,IPPROTO_UDP,0,,0.0
3677,34.156889463,1,N1S743,190.0.1.1,255.255.255.255,56,NetworkSendToLower,0,743,20,Data,IPPROTO_UDP,192,,0.0
3681,34.2,1,N1S746,190.0.1.1,190.0.1.4,1052,NetworkSendToLower,0,746,20,Data,IPPROTO_UDP,0,,0.0
3691,34.3,1,N1S748,190.0.1.1,190.0.1.4,1052,NetworkSendToLower,0,748,20,Data,IPPROTO_UDP,0,,0.0
3701,34.4,1,N1S750,190.0.1.1,190.0.1.4,1052,NetworkSendToLower,0,750,20,Data,IPPROTO_UDP,0,,0.0
3716,34.5,1,N1S754,190.0.1.1,190.0.1.4,1052,NetworkSendToLower,0,754,20,Data,IPPROTO_UDP,0,,0.0
3726,34.6,1,N1S756,190.0.1.1,190.0.1.4,1052,NetworkSendToLower,0,756,20,Data,IPPROTO_UDP,0,,0.0
3736,34.7,1,N1S758,190.0.1.1,190.0.1.4,1052,NetworkSendToLower,0,758,20,Data,IPPROTO_UDP,0,,0.0
3746,34.8,1,N1S760,190.0.1.1,190.0.1.4,1052,NetworkSendToLower,0,760,20,Data,IPPROTO_UDP,0,,0.0
3756,34.9,1,N1S762,190.0.1.1,190.0.1.4,1052,NetworkSendToLower,0,762,20,Data,IPPROTO_UDP,0,,0.0
3766,35.0,1,N1S764,190.0.1.1,190.0.1.4,1052,NetworkSendToLower,0,764,20,Data,IPPROTO_UDP,0,,0.0
3781,35.1,1,N1S768,190.0.1.1,190.0.1.4,1052,NetworkSendToLower,0,768,20,Data,IPPROTO_UDP,0,,0.0
3791,35.2,1,N1S770,190.0.1.1,190.0.1.4,1052,NetworkSendToLower,0,770,20,Data,IPPROTO_UDP,0,,0.0
3801,35.3,1,N1S772,190.0.1.1,190.0.1.4,1052,NetworkSendToLower,0,772,20,Data,IPPROTO_UDP,0,,0.0
3817,35.4,1,N1S774,190.0.1.1,190.0.1.4,1052,NetworkSendToLower,0,774,20,Data,IPPROTO_UDP,0,,0.0
3833,35.5,1,N1S776,190.0.1.1,190.0.1.4,1052,NetworkSendToLower,0,776,20,Data,IPPROTO_UDP,0,,0.0
3843,35.6,1,N1S778,190.0.1.1,190.0.1.4,1052,NetworkSendToLower,0,778,20,Data,IPPROTO_UDP,0,,0.0
3864,35.7,1,N1S783,190.0.1.1,190.0.1.4,1052,NetworkSendToLower,0,783,20,Data,IPPROTO_UDP,0,,0.0
3879,35.8,1,N1S788,190.0.1.1,190.0.1.4,1052,NetworkSendToLower,0,788,20,Data,IPPROTO_UDP,0,,0.0
3895,35.9,1,N1S790,190.0.1.1,190.0.1.4,1052,NetworkSendToLower,0,790,20,Data,IPPROTO_UDP,0,,0.0
3905,36.0,1,N1S792,190.0.1.1,190.0.1.4,1052,NetworkSendToLower,0,792,20,Data,IPPROTO_UDP,0,,0.0
3931,36.1,1,N1S795,190.0.1.1,190.0.1.4,1052,NetworkSendToLower,0,795,20,Data,IPPROTO_UDP,0,,0.0
3941,36.147717289,1,N1S794,190.0.1.1,255.255.255.255,56,NetworkSendToLower,0,794,20,Data,IPPROTO_UDP,192,,0.0
3945,36.2,1,N1S797,190.0.1.1,190.0.1.4,1052,NetworkSendToLower,0,797,20,Data,IPPROTO_UDP,0,,0.0
3955,36.3,1,N1S799,190.0.1.1,190.0.1.4,1052,NetworkSendToLower,0,799,20,Data,IPPROTO_UDP,0,,0.0
3965,36.4,1,N1S801,190.0.1.1,190.0.1.4,1052,NetworkSendToLower,0,801,20,Data,IPPROTO_UDP,0,,0.0
3975,36.5,1,N1S803,190.0.1.1,190.0.1.4,1052,NetworkSendToLower,0,803,20,Data,IPPROTO_UDP,0,,0.0
3985,36.6,1,N1S805,190.0.1.1,190.0.1.4,1052,NetworkSendToLower,0,805,20,Data,IPPROTO_UDP,0,,0.0
4000,36.7,1,N1S809,190.0.1.1,190.0.1.4,1052,NetworkSendToLower,0,809,20,Data,IPPROTO_UDP,0,,0.0
4010,36.8,1,N1S811,190.0.1.1,190.0.1.4,1052,NetworkSendToLower,0,811,20,Data,IPPROTO_UDP,0,,0.0
4020,36.9,1,N1S813,190.0.1.1,190.0.1.4,1052,NetworkSendToLower,0,813,20,Data,IPPROTO_UDP,0,,0.0
4030,37.0,1,N1S815,190.0.1.1,190.0.1.4,1052,NetworkSendToLower,0,815,20,Data,IPPROTO_UDP,0,,0.0
4040,37.1,1,N1S817,190.0.1.1,190.0.1.4,1052,NetworkSendToLower,0,817,20,Data,IPPROTO_UDP,0,,0.0
4050,37.2,1,N1S819,190.0.1.1,190.0.1.4,1052,NetworkSendToLower,0,819,20,Data,IPPROTO_UDP,0,,0.0
4060,37.3,1,N1S821,190.0.1.1,190.0.1.4,1052,NetworkSendToLower,0,821,20,Data,IPPROTO_UDP,0,,0.0
4075,37.4,1,N1S825,190.0.1.1,190.0.1.4,1052,NetworkSendToLower,0,825,20,Data,IPPROTO_UDP,0,,0.0
4085,37.5,1,N1S827,190.0.1.1,190.0.1.4,1052,NetworkSendToLower,0,827,20,Data,IPPROTO_UDP,0,,0.0
4095,37.6,1,N1S829,190.0.1.1,190.0.1.4,1052,NetworkSendToLower,0,829,20,Data,IPPROTO_UDP,0,,0.0
4105,37.7,1,N1S831,190.0.1.1,190.0.1.4,1052,NetworkSendToLower,0,831,20,Data,IPPROTO_UDP,0,,0.0
4120,37.8,1,N1S835,190.0.1.1,190.0.1.4,1052,NetworkSendToLower,0,835,20,Data,IPPROTO_UDP,0,,0.0
4130,37.9,1,N1S837,190.0.1.1,190.0.1.4,1052,NetworkSendToLower,0,837,20,Data,IPPROTO_UDP,0,,0.0
4140,38.0,1,N1S839,190.0.1.1,190.0.1.4,1052,NetworkSendToLower,0,839,20,Data,IPPROTO_UDP,0,,0.0
4160,38.089798132,1,N1S841,190.0.1.1,255.255.255.255,56,NetworkSendToLower,0,841,20,Data,IPPROTO_UDP,192,,0.0
4164,38.1,1,N1S842,190.0.1.1,190.0.1.4,1052,NetworkSendToLower,0,842,20,Data,IPPROTO_UDP,0,,0.0
4180,38.2,1,N1S844,190.0.1.1,190.0.1.4,1052,NetworkSendToLower,0,844,20,Data,IPPROTO_UDP,0,,0.0
4190,38.3,1,N1S846,190.0.1.1,190.0.1.4,1052,NetworkSendToLower,0,846,20,Data,IPPROTO_UDP,0,,0.0
4200,38.4,1,N1S848,190.0.1.1,190.0.1.4,1052,NetworkSendToLower,0,848,20,Data,IPPROTO_UDP,0,,0.0
4210,38.5,1,N1S850,190.0.1.1,190.0.1.4,1052,NetworkSendToLower,0,850,20,Data,IPPROTO_UDP,0,,0.0
4220,38.6,1,N1S852,190.0.1.1,190.0.1.4,1052,NetworkSendToLower,0,852,20,Data,IPPROTO_UDP,0,,0.0
4230,38.7,1,N1S854,190.0.1.1,190.0.1.4,1052,NetworkSendToLower,0,854,20,Data,IPPROTO_UDP,0,,0.0
4240,38.8,1,N1S856,190.0.1.1,190.0.1.4,1052,NetworkSendToLower,0,856,20,Data,IPPROTO_UDP,0,,0.0
4250,38.9,1,N1S858,190.0.1.1,190.0.1.4,1052,NetworkSendToLower,0,858,20,Data,IPPROTO_UDP,0,,0.0
4260,39.0,1,N1S860,190.0.1.1,190.0.1.4,1052,NetworkSendToLower,0,860,20,Data,IPPROTO_UDP,0,,0.0
4270,39.1,1,N1S862,190.0.1.1,190.0.1.4,1052,NetworkSendToLower,0,862,20,Data,IPPROTO_UDP,0,,0.0
4280,39.2,1,N1S864,190.0.1.1,190.0.1.4,1052,NetworkSendToLower,0,864,20,Data,IPPROTO_UDP,0,,0.0
4295,39.3,1,N1S868,190.0.1.1,190.0.1.4,1052,NetworkSendToLower,0,868,20,Data,IPPROTO_UDP,0,,0.0
4305,39.4,1,N1S870,190.0.1.1,190.0.1.4,1052,NetworkSendToLower,0,870,20,Data,IPPROTO_UDP,0,,0.0
4315,39.5,1,N1S873,190.0.1.1,190.0.1.4,1052,NetworkSendToLower,0,873,20,Data,IPPROTO_UDP,0,,0.0
4325,39.6,1,N1S875,190.0.1.1,190.0.1.4,1052,NetworkSendToLower,0,875,20,Data,IPPROTO_UDP,0,,0.0
4335,39.7,1,N1S877,190.0.1.1,190.0.1.4,1052,NetworkSendToLower,0,877,20,Data,IPPROTO_UDP,0,,0.0
4345,39.8,1,N1S879,190.0.1.1,190.0.1.4,1052,NetworkSendToLower,0,879,20,Data,IPPROTO_UDP,0,,0.0
4355,39.9,1,N1S881,190.0.1.1,190.0.1.4,1052,NetworkSendToLower,0,881,20,Data,IPPROTO_UDP,0,,0.0
4365,40.0,1,N1S883,190.0.1.1,190.0.1.4,1052,NetworkSendToLower,0,883,20,Data,IPPROTO_UDP,0,,0.0
4381,40.08103829,1,N1S885,190.0.1.1,255.255.255.255,56,NetworkSendToLower,0,885,20,Data,IPPROTO_UDP,192,,0.0
4385,40.1,1,N1S886,190.0.1.1,190.0.1.4,1052,NetworkSendToLower,0,886,20,Data,IPPROTO_UDP,0,,0.0
4411,40.2,1,N1S888,190.0.1.1,190.0.1.4,1052,NetworkSendToLower,0,888,20,Data,IPPROTO_UDP,0,,0.0
4432,40.3,1,N1S892,190.0.1.1,190.0.1.4,1052,NetworkSendToLower,0,892,20,Data,IPPROTO_UDP,0,,0.0
4448,40.4,1,N1S894,190.0.1.1,190.0.1.4,1052,NetworkSendToLower,0,894,20,Data,IPPROTO_UDP,0,,0.0
4458,40.5,1,N1S896,190.0.1.1,190.0.1.4,1052,NetworkSendToLower,0,896,20,Data,IPPROTO_UDP,0,,0.0
4473,40.6,1,N1S900,190.0.1.1,190.0.1.4,1052,NetworkSendToLower,0,900,20,Data,IPPROTO_UDP,0,,0.0
4489,40.7,1,N1S902,190.0.1.1,190.0.1.4,1052,NetworkSendToLower,0,902,20,Data,IPPROTO_UDP,0,,0.0
4504,40.8,1,N1S906,190.0.1.1,190.0.1.4,1052,NetworkSendToLower,0,906,20,Data,IPPROTO_UDP,0,,0.0
4514,40.9,1,N1S908,190.0.1.1,190.0.1.4,1052,NetworkSendToLower,0,908,20,Data,IPPROTO_UDP,0,,0.0
4524,41.0,1,N1S910,190.0.1.1,190.0.1.4,1052,NetworkSendToLower,0,910,20,Data,IPPROTO_UDP,0,,0.0
4534,41.1,1,N1S913,190.0.1.1,190.0.1.4,1052,NetworkSendToLower,0,913,20,Data,IPPROTO_UDP,0,,0.0
4544,41.2,1,N1S916,190.0.1.1,190.0.1.4,1052,NetworkSendToLower,0,916,20,Data,IPPROTO_UDP,0,,0.0
4559,41.3,1,N1S920,190.0.1.1,190.0.1.4,1052,NetworkSendToLower,0,920,20,Data,IPPROTO_UDP,0,,0.0
4569,41.4,1,N1S922,190.0.1.1,190.0.1.4,1052,NetworkSendToLower,0,922,20,Data,IPPROTO_UDP,0,,0.0
4579,41.5,1,N1S924,190.0.1.1,190.0.1.4,1052,NetworkSendToLower,0,924,20,Data,IPPROTO_UDP,0,,0.0
4594,41.6,1,N1S928,190.0.1.1,190.0.1.4,1052,NetworkSendToLower,0,928,20,Data,IPPROTO_UDP,0,,0.0
4604,41.7,1,N1S930,190.0.1.1,190.0.1.4,1052,NetworkSendToLower,0,930,20,Data,IPPROTO_UDP,0,,0.0
4614,41.8,1,N1S932,190.0.1.1,190.0.1.4,1052,NetworkSendToLower,0,932,20,Data,IPPROTO_UDP,0,,0.0
4624,41.9,1,N1S934,190.0.1.1,190.0.1.4,1052,NetworkSendToLower,0,934,20,Data,IPPROTO_UDP,0,,0.0
4634,42.0,1,N1S936,190.0.1.1,190.0.1.4,1052,NetworkSendToLower,0,936,20,Data,IPPROTO_UDP,0,,0.0
4644,42.077005586,1,N1S938,190.0.1.1,255.255.255.255,56,NetworkSendToLower,0,938,20,Data,IPPROTO_UDP,192,,0.0
4658,42.1,1,N1S939,190.0.1.1,190.0.1.4,1052,NetworkSendToLower,0,939,20,Data,IPPROTO_UDP,0,,0.0
4681,42.2,1,N1S943,190.0.1.1,190.0.1.4,1052,NetworkSendToLower,0,943,20,Data,IPPROTO_UDP,0,,0.0
4696,42.3,1,N1S947,190.0.1.1,190.0.1.4,1052,NetworkSendToLower,0,947,20,Data,IPPROTO_UDP,0,,0.0
4706,42.4,1,N1S949,190.0.1.1,190.0.1.4,1052,NetworkSendToLower,0,949,20,Data,IPPROTO_UDP,0,,0.0
4716,42.5,1,N1S951,190.0.1.1,190.0.1.4,1052,NetworkSendToLower,0,951,20,Data,IPPROTO_UDP,0,,0.0
4726,42.6,1,N1S953,190.0.1.1,190.0.1.4,1052,NetworkSendToLower,0,953,20,Data,IPPROTO_UDP,0,,0.0
4741,42.7,1,N1S957,190.0.1.1,190.0.1.4,1052,NetworkSendToLower,0,957,20,Data,IPPROTO_UDP,0,,0.0
4751,42.8,1,N1S959,190.0.1.1,190.0.1.4,1052,NetworkSendToLower,0,959,20,Data,IPPROTO_UDP,0,,0.0
4761,42.9,1,N1S961,190.0.1.1,190.0.1.4,1052,NetworkSendToLower,0,961,20,Data,IPPROTO_UDP,0,,0.0
4771,43.0,1,N1S963,190.0.1.1,190.0.1.4,1052,NetworkSendToLower,0,963,20,Data,IPPROTO_UDP,0,,0.0
4781,43.1,1,N1S965,190.0.1.1,190.0.1.4,1052,NetworkSendToLower,0,965,20,Data,IPPROTO_UDP,0,,0.0
4791,43.2,1,N1S967,190.0.1.1,190.0.1.4,1052,NetworkSendToLower,0,967,20,Data,IPPROTO_UDP,0,,0.0
4806,43.3,1,N1S971,190.0.1.1,190.0.1.4,1052,NetworkSendToLower,0,971,20,Data,IPPROTO_UDP,0,,0.0
4816,43.4,1,N1S973,190.0.1.1,190.0.1.4,1052,NetworkSendToLower,0,973,20,Data,IPPROTO_UDP,0,,0.0
4826,43.5,1,N1S975,190.0.1.1,190.0.1.4,1052,NetworkSendToLower,0,975,20,Data,IPPROTO_UDP,0,,0.0
4836,43.6,1,N1S977,190.0.1.1,190.0.1.4,1052,NetworkSendToLower,0,977,20,Data,IPPROTO_UDP,0,,0.0
4846,43.7,1,N1S979,190.0.1.1,190.0.1.4,1052,NetworkSendToLower,0,979,20,Data,IPPROTO_UDP,0,,0.0
4863,43.8,1,N1S983,190.0.1.1,190.0.1.4,1052,NetworkSendToLower,0,983,20,Data,IPPROTO_UDP,0,,0.0
4873,43.9,1,N1S985,190.0.1.1,190.0.1.4,1052,NetworkSendToLower,0,985,20,Data,IPPROTO_UDP,0,,0.0
4888,44.0,1,N1S989,190.0.1.1,190.0.1.4,1052,NetworkSendToLower,0,989,20,Data,IPPROTO_UDP,0,,0.0
4914,44.090668133,1,N1S991,190.0.1.1,255.255.255.255,56,NetworkSendToLower,0,991,20,Data,IPPROTO_UDP,192,,0.0
4918,44.1,1,N1S992,190.0.1.1,190.0.1.4,1052,NetworkSendToLower,0,992,20,Data,IPPROTO_UDP,0,,0.0
4933,44.2,1,N1S996,190.0.1.1,190.0.1.4,1052,NetworkSendToLower,0,996,20,Data,IPPROTO_UDP,0,,0.0
4948,44.3,1,N1S1000,190.0.1.1,190.0.1.4,1052,NetworkSendToLower,0,1000,20,Data,IPPROTO_UDP,0,,0.0
4958,44.4,1,N1S1002,190.0.1.1,190.0.1.4,1052,NetworkSendToLower,0,1002,20,Data,IPPROTO_UDP,0,,0.0
4968,44.5,1,N1S1004,190.0.1.1,190.0.1.4,1052,NetworkSendToLower,0,1004,20,Data,IPPROTO_UDP,0,,0.0
4978,44.6,1,N1S1006,190.0.1.1,190.0.1.4,1052,NetworkSendToLower,0,1006,20,Data,IPPROTO_UDP,0,,0.0
4988,44.7,1,N1S1008,190.0.1.1,190.0.1.4,1052,NetworkSendToLower,0,1008,20,Data,IPPROTO_UDP,0,,0.0
4998,44.8,1,N1S1010,190.0.1.1,190.0.1.4,1052,NetworkSendToLower,0,1010,20,Data,IPPROTO_UDP,0,,0.0
5013,44.9,1,N1S1014,190.0.1.1,190.0.1.4,1052,NetworkSendToLower,0,1014,20,Data,IPPROTO_UDP,0,,0.0
5023,45.0,1,N1S1016,190.0.1.1,190.0.1.4,1052,NetworkSendToLower,0,1016,20,Data,IPPROTO_UDP,0,,0.0
5033,45.1,1,N1S1018,190.0.1.1,190.0.1.4,1052,NetworkSendToLower,0,1018,20,Data,IPPROTO_UDP,0,,0.0
5055,45.2,1,N1S1020,190.0.1.1,190.0.1.4,1052,NetworkSendToLower,0,1020,20,Data,IPPROTO_UDP,0,,0.0
5065,45.3,1,N1S1022,190.0.1.1,190.0.1.4,1052,NetworkSendToLower,0,1022,20,Data,IPPROTO_UDP,0,,0.0
5092,45.4,1,N1S1026,190.0.1.1,190.0.1.4,1052,NetworkSendToLower,0,1026,20,Data,IPPROTO_UDP,0,,0.0
5102,45.5,1,N1S1028,190.0.1.1,190.0.1.4,1052,NetworkSendToLower,0,1028,20,Data,IPPROTO_UDP,0,,0.0
5112,45.6,1,N1S1030,190.0.1.1,190.0.1.4,1052,NetworkSendToLower,0,1030,20,Data,IPPROTO_UDP,0,,0.0
5127,45.7,1,N1S1034,190.0.1.1,190.0.1.4,1052,NetworkSendToLower,0,1034,20,Data,IPPROTO_UDP,0,,0.0
5137,45.8,1,N1S1036,190.0.1.1,190.0.1.4,1052,NetworkSendToLower,0,1036,20,Data,IPPROTO_UDP,0,,0.0
5152,45.9,1,N1S1040,190.0.1.1,190.0.1.4,1052,NetworkSendToLower,0,1040,20,Data,IPPROTO_UDP,0,,0.0
5162,46.0,1,N1S1042,190.0.1.1,190.0.1.4,1052,NetworkSendToLower,0,1042,20,Data,IPPROTO_UDP,0,,0.0
5182,46.1,1,N1S1046,190.0.1.1,190.0.1.4,1052,NetworkSendToLower,0,1046,20,Data,IPPROTO_UDP,0,,0.0
5191,46.12486087,1,N1S1045,190.0.1.1,255.255.255.255,56,NetworkSendToLower,0,1045,20,Data,IPPROTO_UDP,192,,0.0
5205,46.2,1,N1S1050,190.0.1.1,190.0.1.4,1052,NetworkSendToLower,0,1050,20,Data,IPPROTO_UDP,0,,0.0
5215,46.3,1,N1S1053,190.0.1.1,190.0.1.4,1052,NetworkSendToLower,0,1053,20,Data,IPPROTO_UDP,0,,0.0
5225,46.4,1,N1S1055,190.0.1.1,190.0.1.4,1052,NetworkSendToLower,0,1055,20,Data,IPPROTO_UDP,0,,0.0
5235,46.5,1,N1S1057,190.0.1.1,190.0.1.4,1052,NetworkSendToLower,0,1057,20,Data,IPPROTO_UDP,0,,0.0
5245,46.6,1,N1S1059,190.0.1.1,190.0.1.4,1052,NetworkSendToLower,0,1059,20,Data,IPPROTO_UDP,0,,0.0
5260,46.7,1,N1S1063,190.0.1.1,190.0.1.4,1052,NetworkSendToLower,0,1063,20,Data,IPPROTO_UDP,0,,0.0
5275,46.8,1,N1S1067,190.0.1.1,190.0.1.4,1052,NetworkSendToLower,0,1067,20,Data,IPPROTO_UDP,0,,0.0
5285,46.9,1,N1S1069,190.0.1.1,190.0.1.4,1052,NetworkSendToLower,0,1069,20,Data,IPPROTO_UDP,0,,0.0
5300,47.0,1,N1S1073,190.0.1.1,190.0.1.4,1052,NetworkSendToLower,0,1073,20,Data,IPPROTO_UDP,0,,0.0
5315,47.1,1,N1S1077,190.0.1.1,190.0.1.4,1052,NetworkSendToLower,0,1077,20,Data,IPPROTO_UDP,0,,0.0
5330,47.2,1,N1S1081,190.0.1.1,190.0.1.4,1052,NetworkSendToLower,0,1081,20,Data,IPPROTO_UDP,0,,0.0
5340,47.3,1,N1S1083,190.0.1.1,190.0.1.4,1052,NetworkSendToLower,0,1083,20,Data,IPPROTO_UDP,0,,0.0
5350,47.4,1,N1S1085,190.0.1.1,190.0.1.4,1052,NetworkSendToLower,0,1085,20,Data,IPPROTO_UDP,0,,0.0
5360,47.5,1,N1S1087,190.0.1.1,190.0.1.4,1052,NetworkSendToLower,0,1087,20,Data,IPPROTO_UDP,0,,0.0
5375,47.6,1,N1S1091,190.0.1.1,190.0.1.4,1052,NetworkSendToLower,0,1091,20,Data,IPPROTO_UDP,0,,0.0
5385,47.7,1,N1S1093,190.0.1.1,190.0.1.4,1052,NetworkSendToLower,0,1093,20,Data,IPPROTO_UDP,0,,0.0
5395,47.8,1,N1S1095,190.0.1.1,190.0.1.4,1052,NetworkSendToLower,0,1095,20,Data,IPPROTO_UDP,0,,0.0
5405,47.9,1,N1S1097,190.0.1.1,190.0.1.4,1052,NetworkSendToLower,0,1097,20,Data,IPPROTO_UDP,0,,0.0
5420,48.0,1,N1S1101,190.0.1.1,190.0.1.4,1052,NetworkSendToLower,0,1101,20,Data,IPPROTO_UDP,0,,0.0
5440,48.1,1,N1S1104,190.0.1.1,190.0.1.4,1052,NetworkSendToLower,0,1104,20,Data,IPPROTO_UDP,0,,0.0
5445,48.110969252,1,N1S1103,190.0.1.1,255.255.255.255,56,NetworkSendToLower,0,1103,20,Data,IPPROTO_UDP,192,,0.0
5458,48.2,1,N1S1106,190.0.1.1,190.0.1.4,1052,NetworkSendToLower,0,1106,20,Data,IPPROTO_UDP,0,,0.0
5473,48.3,1,N1S1110,190.0.1.1,190.0.1.4,1052,NetworkSendToLower,0,1110,20,Data,IPPROTO_UDP,0,,0.0
5483,48.4,1,N1S1112,190.0.1.1,190.0.1.4,1052,NetworkSendToLower,0,1112,20,Data,IPPROTO_UDP,0,,0.0
5493,48.5,1,N1S1114,190.0.1.1,190.0.1.4,1052,NetworkSendToLower,0,1114,20,Data,IPPROTO_UDP,0,,0.0
5503,48.6,1,N1S1116,190.0.1.1,190.0.1.4,1052,NetworkSendToLower,0,1116,20,Data,IPPROTO_UDP,0,,0.0
5513,48.7,1,N1S1118,190.0.1.1,190.0.1.4,1052,NetworkSendToLower,0,1118,20,Data,IPPROTO_UDP,0,,0.0
5523,48.8,1,N1S1120,190.0.1.1,190.0.1.4,1052,NetworkSendToLower,0,1120,20,Data,IPPROTO_UDP,0,,0.0
5533,48.9,1,N1S1122,190.0.1.1,190.0.1.4,1052,NetworkSendToLower,0,1122,20,Data,IPPROTO_UDP,0,,0.0
5543,49.0,1,N1S1124,190.0.1.1,190.0.1.4,1052,NetworkSendToLower,0,1124,20,Data,IPPROTO_UDP,0,,0.0
5553,49.1,1,N1S1126,190.0.1.1,190.0.1.4,1052,NetworkSendToLower,0,1126,20,Data,IPPROTO_UDP,0,,0.0
5568,49.2,1,N1S1130,190.0.1.1,190.0.1.4,1052,NetworkSendToLower,0,1130,20,Data,IPPROTO_UDP,0,,0.0
5578,49.3,1,N1S1132,190.0.1.1,190.0.1.4,1052,NetworkSendToLower,0,1132,20,Data,IPPROTO_UDP,0,,0.0
5588,49.4,1,N1S1135,190.0.1.1,190.0.1.4,1052,NetworkSendToLower,0,1135,20,Data,IPPROTO_UDP,0,,0.0
5598,49.5,1,N1S1137,190.0.1.1,190.0.1.4,1052,NetworkSendToLower,0,1137,20,Data,IPPROTO_UDP,0,,0.0
5608,49.6,1,N1S1139,190.0.1.1,190.0.1.4,1052,NetworkSendToLower,0,1139,20,Data,IPPROTO_UDP,0,,0.0
5618,49.7,1,N1S1141,190.0.1.1,190.0.1.4,1052,NetworkSendToLower,0,1141,20,Data,IPPROTO_UDP,0,,0.0
5628,49.8,1,N1S1143,190.0.1.1,190.0.1.4,1052,NetworkSendToLower,0,1143,20,Data,IPPROTO_UDP,0,,0.0
5638,49.9,1,N1S1145,190.0.1.1,190.0.1.4,1052,NetworkSendToLower,0,1145,20,Data,IPPROTO_UDP,0,,0.0
5653,50.0,1,N1S1150,190.0.1.1,190.0.1.4,1052,NetworkSendToLower,0,1150,20,Data,IPPROTO_UDP,0,,0.0
5677,50.1,1,N1S1153,190.0.1.1,190.0.1.4,1052,NetworkSendToLower,0,1153,20,Data,IPPROTO_UDP,0,,0.0
5687,50.158635723,1,N1S1152,190.0.1.1,255.255.255.255,56,NetworkSendToLower,0,1152,20,Data,IPPROTO_UDP,192,,0.0
5691,50.2,1,N1S1155,190.0.1.1,190.0.1.4,1052,NetworkSendToLower,0,1155,20,Data,IPPROTO_UDP,0,,0.0
5701,50.3,1,N1S1157,190.0.1.1,190.0.1.4,1052,NetworkSendToLower,0,1157,20,Data,IPPROTO_UDP,0,,0.0
5722,50.4,1,N1S1161,190.0.1.1,190.0.1.4,1052,NetworkSendToLower,0,1161,20,Data,IPPROTO_UDP,0,,0.0
5738,50.5,1,N1S1163,190.0.1.1,190.0.1.4,1052,NetworkSendToLower,0,1163,20,Data,IPPROTO_UDP,0,,0.0
5748,50.6,1,N1S1165,190.0.1.1,190.0.1.4,1052,NetworkSendToLower,0,1165,20,Data,IPPROTO_UDP,0,,0.0
5770,50.7,1,N1S1167,190.0.1.1,190.0.1.4,1052,NetworkSendToLower,0,1167,20,Data,IPPROTO_UDP,0,,0.0
5780,50.8,1,N1S1169,190.0.1.1,190.0.1.4,1052,NetworkSendToLower,0,1169,20,Data,IPPROTO_UDP,0,,0.0
5790,50.9,1,N1S1171,190.0.1.1,190.0.1.4,1052,NetworkSendToLower,0,1171,20,Data,IPPROTO_UDP,0,,0.0
5800,51.0,1,N1S1173,190.0.1.1,190.0.1.4,1052,NetworkSendToLower,0,1173,20,Data,IPPROTO_UDP,0,,0.0
5815,51.1,1,N1S1177,190.0.1.1,190.0.1.4,1052,NetworkSendToLower,0,1177,20,Data,IPPROTO_UDP,0,,0.0
5825,51.2,1,N1S1179,190.0.1.1,190.0.1.4,1052,NetworkSendToLower,0,1179,20,Data,IPPROTO_UDP,0,,0.0
5835,51.3,1,N1S1181,190.0.1.1,190.0.1.4,1052,NetworkSendToLower,0,1181,20,Data,IPPROTO_UDP,0,,0.0
5850,51.4,1,N1S1185,190.0.1.1,190.0.1.4,1052,NetworkSendToLower,0,1185,20,Data,IPPROTO_UDP,0,,0.0
5865,51.5,1,N1S1189,190.0.1.1,190.0.1.4,1052,NetworkSendToLower,0,1189,20,Data,IPPROTO_UDP,0,,0.0
5875,51.6,1,N1S1191,190.0.1.1,190.0.1.4,1052,NetworkSendToLower,0,1191,20,Data,IPPROTO_UDP,0,,0.0
5890,51.7,1,N1S1195,190.0.1.1,190.0.1.4,1052,NetworkSendToLower,0,1195,20,Data,IPPROTO_UDP,0,,0.0
5900,51.8,1,N1S1198,190.0.1.1,190.0.1.4,1052,NetworkSendToLower,0,1198,20,Data,IPPROTO_UDP,0,,0.0
5910,51.9,1,N1S1200,190.0.1.1,190.0.1.4,1052,NetworkSendToLower,0,1200,20,Data,IPPROTO_UDP,0,,0.0
5920,52.0,1,N1S1203,190.0.1.1,190.0.1.4,1052,NetworkSendToLower,0,1203,20,Data,IPPROTO_UDP,0,,0.0
5934,52.073163809,1,N1S1206,190.0.1.1,255.255.255.255,56,NetworkSendToLower,0,1206,20,Data,IPPROTO_UDP,192,,0.0
5944,52.1,1,N1S1207,190.0.1.1,190.0.1.4,1052,NetworkSendToLower,0,1207,20,Data,IPPROTO_UDP,0,,0.0
5965,52.2,1,N1S1211,190.0.1.1,190.0.1.4,1052,NetworkSendToLower,0,1211,20,Data,IPPROTO_UDP,0,,0.0
5975,52.3,1,N1S1213,190.0.1.1,190.0.1.4,1052,NetworkSendToLower,0,1213,20,Data,IPPROTO_UDP,0,,0.0
5985,52.4,1,N1S1215,190.0.1.1,190.0.1.4,1052,NetworkSendToLower,0,1215,20,Data,IPPROTO_UDP,0,,0.0
5995,52.5,1,N1S1217,190.0.1.1,190.0.1.4,1052,NetworkSendToLower,0,1217,20,Data,IPPROTO_UDP,0,,0.0
6010,52.6,1,N1S1221,190.0.1.1,190.0.1.4,1052,NetworkSendToLower,0,1221,20,Data,IPPROTO_UDP,0,,0.0
6020,52.7,1,N1S1223,190.0.1.1,190.0.1.4,1052,NetworkSendToLower,0,1223,20,Data,IPPROTO_UDP,0,,0.0
6030,52.8,1,N1S1225,190.0.1.1,190.0.1.4,1052,NetworkSendToLower,0,1225,20,Data,IPPROTO_UDP,0,,0.0
6040,52.9,1,N1S1227,190.0.1.1,190.0.1.4,1052,NetworkSendToLower,0,1227,20,Data,IPPROTO_UDP,0,,0.0
6050,53.0,1,N1S1229,190.0.1.1,190.0.1.4,1052,NetworkSendToLower,0,1229,20,Data,IPPROTO_UDP,0,,0.0
6060,53.1,1,N1S1231,190.0.1.1,190.0.1.4,1052,NetworkSendToLower,0,1231,20,Data,IPPROTO_UDP,0,,0.0
6070,53.2,1,N1S1233,190.0.1.1,190.0.1.4,1052,NetworkSendToLower,0,1233,20,Data,IPPROTO_UDP,0,,0.0
6080,53.3,1,N1S1235,190.0.1.1,190.0.1.4,1052,NetworkSendToLower,0,1235,20,Data,IPPROTO_UDP,0,,0.0
6090,53.4,1,N1S1237,190.0.1.1,190.0.1.4,1052,NetworkSendToLower,0,1237,20,Data,IPPROTO_UDP,0,,0.0
6100,53.5,1,N1S1239,190.0.1.1,190.0.1.4,1052,NetworkSendToLower,0,1239,20,Data,IPPROTO_UDP,0,,0.0
6110,53.6,1,N1S1242,190.0.1.1,190.0.1.4,1052,NetworkSendToLower,0,1242,20,Data,IPPROTO_UDP,0,,0.0
6125,53.7,1,N1S1246,190.0.1.1,190.0.1.4,1052,NetworkSendToLower,0,1246,20,Data,IPPROTO_UDP,0,,0.0
6135,53.8,1,N1S1248,190.0.1.1,190.0.1.4,1052,NetworkSendToLower,0,1248,20,Data,IPPROTO_UDP,0,,0.0
6150,53.9,1,N1S1252,190.0.1.1,190.0.1.4,1052,NetworkSendToLower,0,1252,20,Data,IPPROTO_UDP,0,,0.0
6165,54.0,1,N1S1256,190.0.1.1,190.0.1.4,1052,NetworkSendToLower,0,1256,20,Data,IPPROTO_UDP,0,,0.0
6185,54.1,1,N1S1259,190.0.1.1,190.0.1.4,1052,NetworkSendToLower,0,1259,20,Data,IPPROTO_UDP,0,,0.0
6197,54.137080806,1,N1S1258,190.0.1.1,255.255.255.255,56,NetworkSendToLower,0,1258,20,Data,IPPROTO_UDP,192,,0.0
6201,54.2,1,N1S1261,190.0.1.1,190.0.1.4,1052,NetworkSendToLower,0,1261,20,Data,IPPROTO_UDP,0,,0.0
6211,54.3,1,N1S1263,190.0.1.1,190.0.1.4,1052,NetworkSendToLower,0,1263,20,Data,IPPROTO_UDP,0,,0.0
6226,54.4,1,N1S1267,190.0.1.1,190.0.1.4,1052,NetworkSendToLower,0,1267,20,Data,IPPROTO_UDP,0,,0.0
6236,54.5,1,N1S1269,190.0.1.1,190.0.1.4,1052,NetworkSendToLower,0,1269,20,Data,IPPROTO_UDP,0,,0.0
6246,54.6,1,N1S1271,190.0.1.1,190.0.1.4,1052,NetworkSendToLower,0,1271,20,Data,IPPROTO_UDP,0,,0.0
6256,54.7,1,N1S1273,190.0.1.1,190.0.1.4,1052,NetworkSendToLower,0,1273,20,Data,IPPROTO_UDP,0,,0.0
6273,54.8,1,N1S1277,190.0.1.1,190.0.1.4,1052,NetworkSendToLower,0,1277,20,Data,IPPROTO_UDP,0,,0.0
6283,54.9,1,N1S1279,190.0.1.1,190.0.1.4,1052,NetworkSendToLower,0,1279,20,Data,IPPROTO_UDP,0,,0.0
6293,55.0,1,N1S1281,190.0.1.1,190.0.1.4,1052,NetworkSendToLower,0,1281,20,Data,IPPROTO_UDP,0,,0.0
6303,55.1,1,N1S1283,190.0.1.1,190.0.1.4,1052,NetworkSendToLower,0,1283,20,Data,IPPROTO_UDP,0,,0.0
6317,55.2,1,N1S1285,190.0.1.1,190.0.1.4,1052,NetworkSendToLower,0,1285,20,Data,IPPROTO_UDP,0,,0.0
6333,55.3,1,N1S1287,190.0.1.1,190.0.1.4,1052,NetworkSendToLower,0,1287,20,Data,IPPROTO_UDP,0,,0.0
6354,55.4,1,N1S1291,190.0.1.1,190.0.1.4,1052,NetworkSendToLower,0,1291,20,Data,IPPROTO_UDP,0,,0.0
6370,55.5,1,N1S1293,190.0.1.1,190.0.1.4,1052,NetworkSendToLower,0,1293,20,Data,IPPROTO_UDP,0,,0.0
6380,55.6,1,N1S1295,190.0.1.1,190.0.1.4,1052,NetworkSendToLower,0,1295,20,Data,IPPROTO_UDP,0,,0.0
6390,55.7,1,N1S1297,190.0.1.1,190.0.1.4,1052,NetworkSendToLower,0,1297,20,Data,IPPROTO_UDP,0,,0.0
6405,55.8,1,N1S1301,190.0.1.1,190.0.1.4,1052,NetworkSendToLower,0,1301,20,Data,IPPROTO_UDP,0,,0.0
6420,55.9,1,N1S1305,190.0.1.1,190.0.1.4,1052,NetworkSendToLower,0,1305,20,Data,IPPROTO_UDP,0,,0.0
6435,56.0,1,N1S1309,190.0.1.1,190.0.1.4,1052,NetworkSendToLower,0,1309,20,Data,IPPROTO_UDP,0,,0.0
6456,56.1,1,N1S1314,190.0.1.1,190.0.1.4,1052,NetworkSendToLower,0,1314,20,Data,IPPROTO_UDP,0,,0.0
6472,56.144326723,1,N1S1313,190.0.1.1,255.255.255.255,56,NetworkSendToLower,0,1313,20,Data,IPPROTO_UDP,192,,0.0
6476,56.2,1,N1S1316,190.0.1.1,190.0.1.4,1052,NetworkSendToLower,0,1316,20,Data,IPPROTO_UDP,0,,0.0
6486,56.3,1,N1S1318,190.0.1.1,190.0.1.4,1052,NetworkSendToLower,0,1318,20,Data,IPPROTO_UDP,0,,0.0
6496,56.4,1,N1S1320,190.0.1.1,190.0.1.4,1052,NetworkSendToLower,0,1320,20,Data,IPPROTO_UDP,0,,0.0
6511,56.5,1,N1S1324,190.0.1.1,190.0.1.4,1052,NetworkSendToLower,0,1324,20,Data,IPPROTO_UDP,0,,0.0
6526,56.6,1,N1S1328,190.0.1.1,190.0.1.4,1052,NetworkSendToLower,0,1328,20,Data,IPPROTO_UDP,0,,0.0
6536,56.7,1,N1S1330,190.0.1.1,190.0.1.4,1052,NetworkSendToLower,0,1330,20,Data,IPPROTO_UDP,0,,0.0
6546,56.8,1,N1S1332,190.0.1.1,190.0.1.4,1052,NetworkSendToLower,0,1332,20,Data,IPPROTO_UDP,0,,0.0
6556,56.9,1,N1S1334,190.0.1.1,190.0.1.4,1052,NetworkSendToLower,0,1334,20,Data,IPPROTO_UDP,0,,0.0
6566,57.0,1,N1S1336,190.0.1.1,190.0.1.4,1052,NetworkSendToLower,0,1336,20,Data,IPPROTO_UDP,0,,0.0
6576,57.1,1,N1S1338,190.0.1.1,190.0.1.4,1052,NetworkSendToLower,0,1338,20,Data,IPPROTO_UDP,0,,0.0
6591,57.2,1,N1S1343,190.0.1.1,190.0.1.4,1052,NetworkSendToLower,0,1343,20,Data,IPPROTO_UDP,0,,0.0
6608,57.3,1,N1S1347,190.0.1.1,190.0.1.4,1052,NetworkSendToLower,0,1347,20,Data,IPPROTO_UDP,0,,0.0
6618,57.4,1,N1S1349,190.0.1.1,190.0.1.4,1052,NetworkSendToLower,0,1349,20,Data,IPPROTO_UDP,0,,0.0
6628,57.5,1,N1S1351,190.0.1.1,190.0.1.4,1052,NetworkSendToLower,0,1351,20,Data,IPPROTO_UDP,0,,0.0
6645,57.6,1,N1S1355,190.0.1.1,190.0.1.4,1052,NetworkSendToLower,0,1355,20,Data,IPPROTO_UDP,0,,0.0
6660,57.7,1,N1S1360,190.0.1.1,190.0.1.4,1052,NetworkSendToLower,0,1360,20,Data,IPPROTO_UDP,0,,0.0
6670,57.8,1,N1S1362,190.0.1.1,190.0.1.4,1052,NetworkSendToLower,0,1362,20,Data,IPPROTO_UDP,0,,0.0
6685,57.9,1,N1S1366,190.0.1.1,190.0.1.4,1052,NetworkSendToLower,0,1366,20,Data,IPPROTO_UDP,0,,0.0
6700,58.0,1,N1S1370,190.0.1.1,190.0.1.4,1052,NetworkSendToLower,0,1370,20,Data,IPPROTO_UDP,0,,0.0
6725,58.1,1,N1S1375,190.0.1.1,190.0.1.4,1052,NetworkSendToLower,0,1375,20,Data,IPPROTO_UDP,0,,0.0
6735,58.126189422,1,N1S1374,190.0.1.1,255.255.255.255,56,NetworkSendToLower,0,1374,20,Data,IPPROTO_UDP,192,,0.0
6745,58.2,1,N1S1377,190.0.1.1,190.0.1.4,1052,NetworkSendToLower,0,1377,20,Data,IPPROTO_UDP,0,,0.0
6760,58.3,1,N1S1381,190.0.1.1,190.0.1.4,1052,NetworkSendToLower,0,1381,20,Data,IPPROTO_UDP,0,,0.0
6770,58.4,1,N1S1383,190.0.1.1,190.0.1.4,1052,NetworkSendToLower,0,1383,20,Data,IPPROTO_UDP,0,,0.0
6780,58.5,1,N1S1385,190.0.1.1,190.0.1.4,1052,NetworkSendToLower,0,1385,20,Data,IPPROTO_UDP,0,,0.0
6790,58.6,1,N1S1387,190.0.1.1,190.0.1.4,1052,NetworkSendToLower,0,1387,20,Data,IPPROTO_UDP,0,,0.0
6805,58.7,1,N1S1391,190.0.1.1,190.0.1.4,1052,NetworkSendToLower,0,1391,20,Data,IPPROTO_UDP,0,,0.0
6820,58.8,1,N1S1395,190.0.1.1,190.0.1.4,1052,NetworkSendToLower,0,1395,20,Data,IPPROTO_UDP,0,,0.0
6835,58.9,1,N1S1399,190.0.1.1,190.0.1.4,1052,NetworkSendToLower,0,1399,20,Data,IPPROTO_UDP,0,,0.0
6845,59.0,1,N1S1401,190.0.1.1,190.0.1.4,1052,NetworkSendToLower,0,1401,20,Data,IPPROTO_UDP,0,,0.0
6860,59.1,1,N1S1405,190.0.1.1,190.0.1.4,1052,NetworkSendToLower,0,1405,20,Data,IPPROTO_UDP,0,,0.0
6870,59.2,1,N1S1407,190.0.1.1,190.0.1.4,1052,NetworkSendToLower,0,1407,20,Data,IPPROTO_UDP,0,,0.0
6885,59.3,1,N1S1411,190.0.1.1,190.0.1.4,1052,NetworkSendToLower,0,1411,20,Data,IPPROTO_UDP,0,,0.0
6895,59.4,1,N1S1413,190.0.1.1,190.0.1.4,1052,NetworkSendToLower,0,1413,20,Data,IPPROTO_UDP,0,,0.0
6905,59.5,1,N1S1415,190.0.1.1,190.0.1.4,1052,NetworkSendToLower,0,1415,20,Data,IPPROTO_UDP,0,,0.0
6915,59.6,1,N1S1417,190.0.1.1,190.0.1.4,1052,NetworkSendToLower,0,1417,20,Data,IPPROTO_UDP,0,,0.0
6930,59.7,1,N1S1421,190.0.1.1,190.0.1.4,1052,NetworkSendToLower,0,1421,20,Data,IPPROTO_UDP,0,,0.0
6940,59.8,1,N1S1423,190.0.1.1,190.0.1.4,1052,NetworkSendToLower,0,1423,20,Data,IPPROTO_UDP,0,,0.0
6955,59.9,1,N1S1427,190.0.1.1,190.0.1.4,1052,NetworkSendToLower,0,1427,20,Data,IPPROTO_UDP,0,,0.0
6970,60.0,1,N1S1431,190.0.1.1,190.0.1.4,1052,NetworkSendToLower,0,1431,20,Data,IPPROTO_UDP,0,,0.0
6989,60.1,1,N1S1436,190.0.1.1,190.0.1.4,1052,NetworkSendToLower,0,1436,20,Data,IPPROTO_UDP,0,,0.0
7009,60.121155243,1,N1S1435,190.0.1.1,255.255.255.255,56,NetworkSendToLower,0,1435,20,Data,IPPROTO_UDP,192,,0.0
7034,60.2,1,N1S1440,190.0.1.1,190.0.1.4,1052,NetworkSendToLower,0,1440,20,Data,IPPROTO_UDP,0,,0.0
7053,60.3,1,N1S1444,190.0.1.1,190.0.1.4,1052,NetworkSendToLower,0,1444,20,Data,IPPROTO_UDP,0,,0.0
7063,60.4,1,N1S1446,190.0.1.1,190.0.1.4,1052,NetworkSendToLower,0,1446,20,Data,IPPROTO_UDP,0,,0.0
7084,60.5,1,N1S1450,190.0.1.1,190.0.1.4,1052,NetworkSendToLower,0,1450,20,Data,IPPROTO_UDP,0,,0.0
7101,60.6,1,N1S1454,190.0.1.1,190.0.1.4,1052,NetworkSendToLower,0,1454,20,Data,IPPROTO_UDP,0,,0.0
7116,60.7,1,N1S1458,190.0.1.1,190.0.1.4,1052,NetworkSendToLower,0,1458,20,Data,IPPROTO_UDP,0,,0.0
7131,60.8,1,N1S1462,190.0.1.1,190.0.1.4,1052,NetworkSendToLower,0,1462,20,Data,IPPROTO_UDP,0,,0.0
7141,60.9,1,N1S1464,190.0.1.1,190.0.1.4,1052,NetworkSendToLower,0,1464,20,Data,IPPROTO_UDP,0,,0.0
7156,61.0,1,N1S1468,190.0.1.1,190.0.1.4,1052,NetworkSendToLower,0,1468,20,Data,IPPROTO_UDP,0,,0.0
7171,61.1,1,N1S1474,190.0.1.1,190.0.1.4,1052,NetworkSendToLower,0,1474,20,Data,IPPROTO_UDP,0,,0.0
7181,61.2,1,N1S1476,190.0.1.1,190.0.1.4,1052,NetworkSendToLower,0,1476,20,Data,IPPROTO_UDP,0,,0.0
7196,61.3,1,N1S1480,190.0.1.1,190.0.1.4,1052,NetworkSendToLower,0,1480,20,Data,IPPROTO_UDP,0,,0.0
7211,61.4,1,N1S1484,190.0.1.1,190.0.1.4,1052,NetworkSendToLower,0,1484,20,Data,IPPROTO_UDP,0,,0.0
7226,61.5,1,N1S1488,190.0.1.1,190.0.1.4,1052,NetworkSendToLower,0,1488,20,Data,IPPROTO_UDP,0,,0.0
7241,61.6,1,N1S1492,190.0.1.1,190.0.1.4,1052,NetworkSendToLower,0,1492,20,Data,IPPROTO_UDP,0,,0.0
7256,61.7,1,N1S1496,190.0.1.1,190.0.1.4,1052,NetworkSendToLower,0,1496,20,Data,IPPROTO_UDP,0,,0.0
7271,61.8,1,N1S1500,190.0.1.1,190.0.1.4,1052,NetworkSendToLower,0,1500,20,Data,IPPROTO_UDP,0,,0.0
7286,61.9,1,N1S1504,190.0.1.1,190.0.1.4,1052,NetworkSendToLower,0,1504,20,Data,IPPROTO_UDP,0,,0.0
7301,62.0,1,N1S1508,190.0.1.1,190.0.1.4,1052,NetworkSendToLower,0,1508,20,Data,IPPROTO_UDP,0,,0.0
7332,62.1,1,N1S1513,190.0.1.1,190.0.1.4,1052,NetworkSendToLower,0,1513,20,Data,IPPROTO_UDP,0,,0.0
7347,62.149933316,1,N1S1512,190.0.1.1,255.255.255.255,56,NetworkSendToLower,0,1512,20,Data,IPPROTO_UDP,192,,0.0
7351,62.2,1,N1S1517,190.0.1.1,190.0.1.4,1052,NetworkSendToLower,0,1517,20,Data,IPPROTO_UDP,0,,0.0
7366,62.3,1,N1S1521,190.0.1.1,190.0.1.4,1052,NetworkSendToLower,0,1521,20,Data,IPPROTO_UDP,0,,0.0
7381,62.4,1,N1S1525,190.0.1.1,190.0.1.4,1052,NetworkSendToLower,0,1525,20,Data,IPPROTO_UDP,0,,0.0
7391,62.5,1,N1S1528,190.0.1.1,190.0.1.4,1052,NetworkSendToLower,0,1528,20,Data,IPPROTO_UDP,0,,0.0
7401,62.6,1,N1S1530,190.0.1.1,190.0.1.4,1052,NetworkSendToLower,0,1530,20,Data,IPPROTO_UDP,0,,0.0
7416,62.7,1,N1S1534,190.0.1.1,190.0.1.4,1052,NetworkSendToLower,0,1534,20,Data,IPPROTO_UDP,0,,0.0
7426,62.8,1,N1S1536,190.0.1.1,190.0.1.4,1052,NetworkSendToLower,0,1536,20,Data,IPPROTO_UDP,0,,0.0
7441,62.9,1,N1S1540,190.0.1.1,190.0.1.4,1052,NetworkSendToLower,0,1540,20,Data,IPPROTO_UDP,0,,0.0
7451,63.0,1,N1S1542,190.0.1.1,190.0.1.4,1052,NetworkSendToLower,0,1542,20,Data,IPPROTO_UDP,0,,0.0
7461,63.1,1,N1S1544,190.0.1.1,190.0.1.4,1052,NetworkSendToLower,0,1544,20,Data,IPPROTO_UDP,0,,0.0
7471,63.2,1,N1S1546,190.0.1.1,190.0.1.4,1052,NetworkSendToLower,0,1546,20,Data,IPPROTO_UDP,0,,0.0
7486,63.3,1,N1S1550,190.0.1.1,190.0.1.4,1052,NetworkSendToLower,0,1550,20,Data,IPPROTO_UDP,0,,0.0
7496,63.4,1,N1S1552,190.0.1.1,190.0.1.4,1052,NetworkSendToLower,0,1552,20,Data,IPPROTO_UDP,0,,0.0
7506,63.5,1,N1S1554,190.0.1.1,190.0.1.4,1052,NetworkSendToLower,0,1554,20,Data,IPPROTO_UDP,0,,0.0
7521,63.6,1,N1S1559,190.0.1.1,190.0.1.4,1052,NetworkSendToLower,0,1559,20,Data,IPPROTO_UDP,0,,0.0
7531,63.7,1,N1S1561,190.0.1.1,190.0.1.4,1052,NetworkSendToLower,0,1561,20,Data,IPPROTO_UDP,0,,0.0
7541,63.8,1,N1S1563,190.0.1.1,190.0.1.4,1052,NetworkSendToLower,0,1563,20,Data,IPPROTO_UDP,0,,0.0
7556,63.9,1,N1S1567,190.0.1.1,190.0.1.4,1052,NetworkSendToLower,0,1567,20,Data,IPPROTO_UDP,0,,0.0
7566,64.0,1,N1S1569,190.0.1.1,190.0.1.4,1052,NetworkSendToLower,0,1569,20,Data,IPPROTO_UDP,0,,0.0
7584,64.1,1,N1S1572,190.0.1.1,190.0.1.4,1052,NetworkSendToLower,0,1572,20,Data,IPPROTO_UDP,0,,0.0
7594,64.130704013,1,N1S1571,190.0.1.1,255.255.255.255,56,NetworkSendToLower,0,1571,20,Data,IPPROTO_UDP,192,,0.0
7604,64.2,1,N1S1574,190.0.1.1,190.0.1.4,1052,NetworkSendToLower,0,1574,20,Data,IPPROTO_UDP,0,,0.0
7614,64.3,1,N1S1576,190.0.1.1,190.0.1.4,1052,NetworkSendToLower,0,1576,20,Data,IPPROTO_UDP,0,,0.0
7629,64.4,1,N1S1580,190.0.1.1,190.0.1.4,1052,NetworkSendToLower,0,1580,20,Data,IPPROTO_UDP,0,,0.0
7639,64.5,1,N1S1582,190.0.1.1,190.0.1.4,1052,NetworkSendToLower,0,1582,20,Data,IPPROTO_UDP,0,,0.0
7649,64.6,1,N1S1584,190.0.1.1,190.0.1.4,1052,NetworkSendToLower,0,1584,20,Data,IPPROTO_UDP,0,,0.0
7659,64.7,1,N1S1587,190.0.1.1,190.0.1.4,1052,NetworkSendToLower,0,1587,20,Data,IPPROTO_UDP,0,,0.0
7669,64.8,1,N1S1589,190.0.1.1,190.0.1.4,1052,NetworkSendToLower,0,1589,20,Data,IPPROTO_UDP,0,,0.0
7686,64.9,1,N1S1593,190.0.1.1,190.0.1.4,1052,NetworkSendToLower,0,1593,20,Data,IPPROTO_UDP,0,,0.0
7701,65.0,1,N1S1597,190.0.1.1,190.0.1.4,1052,NetworkSendToLower,0,1597,20,Data,IPPROTO_UDP,0,,0.0
7711,65.1,1,N1S1599,190.0.1.1,190.0.1.4,1052,NetworkSendToLower,0,1599,20,Data,IPPROTO_UDP,0,,0.0
7726,65.2,1,N1S1603,190.0.1.1,190.0.1.4,1052,NetworkSendToLower,0,1603,20,Data,IPPROTO_UDP,0,,0.0
7742,65.3,1,N1S1605,190.0.1.1,190.0.1.4,1052,NetworkSendToLower,0,1605,20,Data,IPPROTO_UDP,0,,0.0
7758,65.4,1,N1S1607,190.0.1.1,190.0.1.4,1052,NetworkSendToLower,0,1607,20,Data,IPPROTO_UDP,0,,0.0
7773,65.5,1,N1S1611,190.0.1.1,190.0.1.4,1052,NetworkSendToLower,0,1611,20,Data,IPPROTO_UDP,0,,0.0
7789,65.6,1,N1S1613,190.0.1.1,190.0.1.4,1052,NetworkSendToLower,0,1613,20,Data,IPPROTO_UDP,0,,0.0
7805,65.7,1,N1S1615,190.0.1.1,190.0.1.4,1052,NetworkSendToLower,0,1615,20,Data,IPPROTO_UDP,0,,0.0
7820,65.8,1,N1S1619,190.0.1.1,190.0.1.4,1052,NetworkSendToLower,0,1619,20,Data,IPPROTO_UDP,0,,0.0
7835,65.9,1,N1S1623,190.0.1.1,190.0.1.4,1052,NetworkSendToLower,0,1623,20,Data,IPPROTO_UDP,0,,0.0
7845,66.0,1,N1S1625,190.0.1.1,190.0.1.4,1052,NetworkSendToLower,0,1625,20,Data,IPPROTO_UDP,0,,0.0
7871,66.093039013,1,N1S1627,190.0.1.1,255.255.255.255,56,NetworkSendToLower,0,1627,20,Data,IPPROTO_UDP,192,,0.0
7875,66.1,1,N1S1628,190.0.1.1,190.0.1.4,1052,NetworkSendToLower,0,1628,20,Data,IPPROTO_UDP,0,,0.0
7885,66.2,1,N1S1630,190.0.1.1,190.0.1.4,1052,NetworkSendToLower,0,1630,20,Data,IPPROTO_UDP,0,,0.0
7895,66.3,1,N1S1632,190.0.1.1,190.0.1.4,1052,NetworkSendToLower,0,1632,20,Data,IPPROTO_UDP,0,,0.0
7905,66.4,1,N1S1634,190.0.1.1,190.0.1.4,1052,NetworkSendToLower,0,1634,20,Data,IPPROTO_UDP,0,,0.0
7920,66.5,1,N1S1638,190.0.1.1,190.0.1.4,1052,NetworkSendToLower,0,1638,20,Data,IPPROTO_UDP,0,,0.0
7930,66.6,1,N1S1640,190.0.1.1,190.0.1.4,1052,NetworkSendToLower,0,1640,20,Data,IPPROTO_UDP,0,,0.0
7940,66.7,1,N1S1642,190.0.1.1,190.0.1.4,1052,NetworkSendToLower,0,1642,20,Data,IPPROTO_UDP,0,,0.0
7955,66.8,1,N1S1646,190.0.1.1,190.0.1.4,1052,NetworkSendToLower,0,1646,20,Data,IPPROTO_UDP,0,,0.0
7965,66.9,1,N1S1648,190.0.1.1,190.0.1.4,1052,NetworkSendToLower,0,1648,20,Data,IPPROTO_UDP,0,,0.0
7975,67.0,1,N1S1650,190.0.1.1,190.0.1.4,1052,NetworkSendToLower,0,1650,20,Data,IPPROTO_UDP,0,,0.0
7992,67.1,1,N1S1654,190.0.1.1,190.0.1.4,1052,NetworkSendToLower,0,1654,20,Data,IPPROTO_UDP,0,,0.0
8007,67.2,1,N1S1658,190.0.1.1,190.0.1.4,1052,NetworkSendToLower,0,1658,20,Data,IPPROTO_UDP,0,,0.0
8022,67.3,1,N1S1662,190.0.1.1,190.0.1.4,1052,NetworkSendToLower,0,1662,20,Data,IPPROTO_UDP,0,,0.0
8037,67.4,1,N1S1666,190.0.1.1,190.0.1.4,1052,NetworkSendToLower,0,1666,20,Data,IPPROTO_UDP,0,,0.0
8047,67.5,1,N1S1668,190.0.1.1,190.0.1.4,1052,NetworkSendToLower,0,1668,20,Data,IPPROTO_UDP,0,,0.0
8062,67.6,1,N1S1672,190.0.1.1,190.0.1.4,1052,NetworkSendToLower,0,1672,20,Data,IPPROTO_UDP,0,,0.0
8072,67.7,1,N1S1674,190.0.1.1,190.0.1.4,1052,NetworkSendToLower,0,1674,20,Data,IPPROTO_UDP,0,,0.0
8082,67.8,1,N1S1676,190.0.1.1,190.0.1.4,1052,NetworkSendToLower,0,1676,20,Data,IPPROTO_UDP,0,,0.0
8092,67.9,1,N1S1678,190.0.1.1,190.0.1.4,1052,NetworkSendToLower,0,1678,20,Data,IPPROTO_UDP,0,,0.0
8102,68.0,1,N1S1680,190.0.1.1,190.0.1.4,1052,NetworkSendToLower,0,1680,20,Data,IPPROTO_UDP,0,,0.0
8118,68.1,1,N1S1683,190.0.1.1,190.0.1.4,1052,NetworkSendToLower,0,1683,20,Data,IPPROTO_UDP,0,,0.0
8141,68.155638226,1,N1S1682,190.0.1.1,255.255.255.255,56,NetworkSendToLower,0,1682,20,Data,IPPROTO_UDP,192,,0.0
8145,68.2,1,N1S1687,190.0.1.1,190.0.1.4,1052,NetworkSendToLower,0,1687,20,Data,IPPROTO_UDP,0,,0.0
8155,68.3,1,N1S1689,190.0.1.1,190.0.1.4,1052,NetworkSendToLower,0,1689,20,Data,IPPROTO_UDP,0,,0.0
8170,68.4,1,N1S1693,190.0.1.1,190.0.1.4,1052,NetworkSendToLower,0,1693,20,Data,IPPROTO_UDP,0,,0.0
8185,68.5,1,N1S1697,190.0.1.1,190.0.1.4,1052,NetworkSendToLower,0,1697,20,Data,IPPROTO_UDP,0,,0.0
8195,68.6,1,N1S1699,190.0.1.1,190.0.1.4,1052,NetworkSendToLower,0,1699,20,Data,IPPROTO_UDP,0,,0.0
8205,68.7,1,N1S1701,190.0.1.1,190.0.1.4,1052,NetworkSendToLower,0,1701,20,Data,IPPROTO_UDP,0,,0.0
8215,68.8,1,N1S1704,190.0.1.1,190.0.1.4,1052,NetworkSendToLower,0,1704,20,Data,IPPROTO_UDP,0,,0.0
8225,68.9,1,N1S1706,190.0.1.1,190.0.1.4,1052,NetworkSendToLower,0,1706,20,Data,IPPROTO_UDP,0,,0.0
8235,69.0,1,N1S1708,190.0.1.1,190.0.1.4,1052,NetworkSendToLower,0,1708,20,Data,IPPROTO_UDP,0,,0.0
8245,69.1,1,N1S1710,190.0.1.1,190.0.1.4,1052,NetworkSendToLower,0,1710,20,Data,IPPROTO_UDP,0,,0.0
8255,69.2,1,N1S1712,190.0.1.1,190.0.1.4,1052,NetworkSendToLower,0,1712,20,Data,IPPROTO_UDP,0,,0.0
8265,69.3,1,N1S1714,190.0.1.1,190.0.1.4,1052,NetworkSendToLower,0,1714,20,Data,IPPROTO_UDP,0,,0.0
8275,69.4,1,N1S1716,190.0.1.1,190.0.1.4,1052,NetworkSendToLower,0,1716,20,Data,IPPROTO_UDP,0,,0.0
8285,69.5,1,N1S1718,190.0.1.1,190.0.1.4,1052,NetworkSendToLower,0,1718,20,Data,IPPROTO_UDP,0,,0.0
8295,69.6,1,N1S1720,190.0.1.1,190.0.1.4,1052,NetworkSendToLower,0,1720,20,Data,IPPROTO_UDP,0,,0.0
8305,69.7,1,N1S1722,190.0.1.1,190.0.1.4,1052,NetworkSendToLower,0,1722,20,Data,IPPROTO_UDP,0,,0.0
8315,69.8,1,N1S1724,190.0.1.1,190.0.1.4,1052,NetworkSendToLower,0,1724,20,Data,IPPROTO_UDP,0,,0.0
8325,69.9,1,N1S1726,190.0.1.1,190.0.1.4,1052,NetworkSendToLower,0,1726,20,Data,IPPROTO_UDP,0,,0.0
8335,70.0,1,N1S1728,190.0.1.1,190.0.1.4,1052,NetworkSendToLower,0,1728,20,Data,IPPROTO_UDP,0,,0.0
8355,70.1,1,N1S1731,190.0.1.1,190.0.1.4,1052,NetworkSendToLower,0,1731,20,Data,IPPROTO_UDP,0,,0.0
8363,70.117517262,1,N1S1730,190.0.1.1,255.255.255.255,56,NetworkSendToLower,0,1730,20,Data,IPPROTO_UDP,192,,0.0
8373,70.2,1,N1S1733,190.0.1.1,190.0.1.4,1052,NetworkSendToLower,0,1733,20,Data,IPPROTO_UDP,0,,0.0
8389,70.3,1,N1S1735,190.0.1.1,190.0.1.4,1052,NetworkSendToLower,0,1735,20,Data,IPPROTO_UDP,0,,0.0
8399,70.4,1,N1S1737,190.0.1.1,190.0.1.4,1052,NetworkSendToLower,0,1737,20,Data,IPPROTO_UDP,0,,0.0
8426,70.5,1,N1S1741,190.0.1.1,190.0.1.4,1052,NetworkSendToLower,0,1741,20,Data,IPPROTO_UDP,0,,0.0
8436,70.6,1,N1S1743,190.0.1.1,190.0.1.4,1052,NetworkSendToLower,0,1743,20,Data,IPPROTO_UDP,0,,0.0
8452,70.7,1,N1S1745,190.0.1.1,190.0.1.4,1052,NetworkSendToLower,0,1745,20,Data,IPPROTO_UDP,0,,0.0
8462,70.8,1,N1S1747,190.0.1.1,190.0.1.4,1052,NetworkSendToLower,0,1747,20,Data,IPPROTO_UDP,0,,0.0
8472,70.9,1,N1S1749,190.0.1.1,190.0.1.4,1052,NetworkSendToLower,0,1749,20,Data,IPPROTO_UDP,0,,0.0
8487,71.0,1,N1S1753,190.0.1.1,190.0.1.4,1052,NetworkSendToLower,0,1753,20,Data,IPPROTO_UDP,0,,0.0
8497,71.1,1,N1S1755,190.0.1.1,190.0.1.4,1052,NetworkSendToLower,0,1755,20,Data,IPPROTO_UDP,0,,0.0
8507,71.2,1,N1S1757,190.0.1.1,190.0.1.4,1052,NetworkSendToLower,0,1757,20,Data,IPPROTO_UDP,0,,0.0
8517,71.3,1,N1S1759,190.0.1.1,190.0.1.4,1052,NetworkSendToLower,0,1759,20,Data,IPPROTO_UDP,0,,0.0
8527,71.4,1,N1S1761,190.0.1.1,190.0.1.4,1052,NetworkSendToLower,0,1761,20,Data,IPPROTO_UDP,0,,0.0
8537,71.5,1,N1S1763,190.0.1.1,190.0.1.4,1052,NetworkSendToLower,0,1763,20,Data,IPPROTO_UDP,0,,0.0
8547,71.6,1,N1S1765,190.0.1.1,190.0.1.4,1052,NetworkSendToLower,0,1765,20,Data,IPPROTO_UDP,0,,0.0
8557,71.7,1,N1S1767,190.0.1.1,190.0.1.4,1052,NetworkSendToLower,0,1767,20,Data,IPPROTO_UDP,0,,0.0
8567,71.8,1,N1S1769,190.0.1.1,190.0.1.4,1052,NetworkSendToLower,0,1769,20,Data,IPPROTO_UDP,0,,0.0
8577,71.9,1,N1S1771,190.0.1.1,190.0.1.4,1052,NetworkSendToLower,0,1771,20,Data,IPPROTO_UDP,0,,0.0
8594,72.0,1,N1S1775,190.0.1.1,190.0.1.4,1052,NetworkSendToLower,0,1775,20,Data,IPPROTO_UDP,0,,0.0
8616,72.1,1,N1S1778,190.0.1.1,190.0.1.4,1052,NetworkSendToLower,0,1778,20,Data,IPPROTO_UDP,0,,0.0
8626,72.130020051,1,N1S1777,190.0.1.1,255.255.255.255,56,NetworkSendToLower,0,1777,20,Data,IPPROTO_UDP,192,,0.0
8639,72.2,1,N1S1782,190.0.1.1,190.0.1.4,1052,NetworkSendToLower,0,1782,20,Data,IPPROTO_UDP,0,,0.0
8649,72.3,1,N1S1784,190.0.1.1,190.0.1.4,1052,NetworkSendToLower,0,1784,20,Data,IPPROTO_UDP,0,,0.0
8664,72.4,1,N1S1788,190.0.1.1,190.0.1.4,1052,NetworkSendToLower,0,1788,20,Data,IPPROTO_UDP,0,,0.0
8674,72.5,1,N1S1790,190.0.1.1,190.0.1.4,1052,NetworkSendToLower,0,1790,20,Data,IPPROTO_UDP,0,,0.0
8684,72.6,1,N1S1792,190.0.1.1,190.0.1.4,1052,NetworkSendToLower,0,1792,20,Data,IPPROTO_UDP,0,,0.0
8694,72.7,1,N1S1794,190.0.1.1,190.0.1.4,1052,NetworkSendToLower,0,1794,20,Data,IPPROTO_UDP,0,,0.0
8704,72.8,1,N1S1796,190.0.1.1,190.0.1.4,1052,NetworkSendToLower,0,1796,20,Data,IPPROTO_UDP,0,,0.0
8714,72.9,1,N1S1798,190.0.1.1,190.0.1.4,1052,NetworkSendToLower,0,1798,20,Data,IPPROTO_UDP,0,,0.0
8724,73.0,1,N1S1800,190.0.1.1,190.0.1.4,1052,NetworkSendToLower,0,1800,20,Data,IPPROTO_UDP,0,,0.0
8734,73.1,1,N1S1802,190.0.1.1,190.0.1.4,1052,NetworkSendToLower,0,1802,20,Data,IPPROTO_UDP,0,,0.0
8749,73.2,1,N1S1806,190.0.1.1,190.0.1.4,1052,NetworkSendToLower,0,1806,20,Data,IPPROTO_UDP,0,,0.0
8759,73.3,1,N1S1808,190.0.1.1,190.0.1.4,1052,NetworkSendToLower,0,1808,20,Data,IPPROTO_UDP,0,,0.0
8774,73.4,1,N1S1812,190.0.1.1,190.0.1.4,1052,NetworkSendToLower,0,1812,20,Data,IPPROTO_UDP,0,,0.0
8789,73.5,1,N1S1816,190.0.1.1,190.0.1.4,1052,NetworkSendToLower,0,1816,20,Data,IPPROTO_UDP,0,,0.0
8799,73.6,1,N1S1818,190.0.1.1,190.0.1.4,1052,NetworkSendToLower,0,1818,20,Data,IPPROTO_UDP,0,,0.0
8814,73.7,1,N1S1822,190.0.1.1,190.0.1.4,1052,NetworkSendToLower,0,1822,20,Data,IPPROTO_UDP,0,,0.0
8829,73.8,1,N1S1826,190.0.1.1,190.0.1.4,1052,NetworkSendToLower,0,1826,20,Data,IPPROTO_UDP,0,,0.0
8839,73.9,1,N1S1828,190.0.1.1,190.0.1.4,1052,NetworkSendToLower,0,1828,20,Data,IPPROTO_UDP,0,,0.0
8849,74.0,1,N1S1830,190.0.1.1,190.0.1.4,1052,NetworkSendToLower,0,1830,20,Data,IPPROTO_UDP,0,,0.0
8875,74.1,1,N1S1833,190.0.1.1,190.0.1.4,1052,NetworkSendToLower,0,1833,20,Data,IPPROTO_UDP,0,,0.0
8880,74.108146126,1,N1S1832,190.0.1.1,255.255.255.255,56,NetworkSendToLower,0,1832,20,Data,IPPROTO_UDP,192,,0.0
8887,74.2,1,N1S1835,190.0.1.1,190.0.1.4,1052,NetworkSendToLower,0,1835,20,Data,IPPROTO_UDP,0,,0.0
8897,74.3,1,N1S1837,190.0.1.1,190.0.1.4,1052,NetworkSendToLower,0,1837,20,Data,IPPROTO_UDP,0,,0.0
8912,74.4,1,N1S1841,190.0.1.1,190.0.1.4,1052,NetworkSendToLower,0,1841,20,Data,IPPROTO_UDP,0,,0.0
8927,74.5,1,N1S1845,190.0.1.1,190.0.1.4,1052,NetworkSendToLower,0,1845,20,Data,IPPROTO_UDP,0,,0.0
8937,74.6,1,N1S1847,190.0.1.1,190.0.1.4,1052,NetworkSendToLower,0,1847,20,Data,IPPROTO_UDP,0,,0.0
8947,74.7,1,N1S1849,190.0.1.1,190.0.1.4,1052,NetworkSendToLower,0,1849,20,Data,IPPROTO_UDP,0,,0.0
8957,74.8,1,N1S1851,190.0.1.1,190.0.1.4,1052,NetworkSendToLower,0,1851,20,Data,IPPROTO_UDP,0,,0.0
8967,74.9,1,N1S1853,190.0.1.1,190.0.1.4,1052,NetworkSendToLower,0,1853,20,Data,IPPROTO_UDP,0,,0.0
8977,75.0,1,N1S1855,190.0.1.1,190.0.1.4,1052,NetworkSendToLower,0,1855,20,Data,IPPROTO_UDP,0,,0.0
8992,75.1,1,N1S1859,190.0.1.1,190.0.1.4,1052,NetworkSendToLower,0,1859,20,Data,IPPROTO_UDP,0,,0.0
9002,75.2,1,N1S1861,190.0.1.1,190.0.1.4,1052,NetworkSendToLower,0,1861,20,Data,IPPROTO_UDP,0,,0.0
9012,75.3,1,N1S1863,190.0.1.1,190.0.1.4,1052,NetworkSendToLower,0,1863,20,Data,IPPROTO_UDP,0,,0.0
9028,75.4,1,N1S1865,190.0.1.1,190.0.1.4,1052,NetworkSendToLower,0,1865,20,Data,IPPROTO_UDP,0,,0.0
9044,75.5,1,N1S1867,190.0.1.1,190.0.1.4,1052,NetworkSendToLower,0,1867,20,Data,IPPROTO_UDP,0,,0.0
9060,75.6,1,N1S1869,190.0.1.1,190.0.1.4,1052,NetworkSendToLower,0,1869,20,Data,IPPROTO_UDP,0,,0.0
9070,75.7,1,N1S1871,190.0.1.1,190.0.1.4,1052,NetworkSendToLower,0,1871,20,Data,IPPROTO_UDP,0,,0.0
9085,75.8,1,N1S1875,190.0.1.1,190.0.1.4,1052,NetworkSendToLower,0,1875,20,Data,IPPROTO_UDP,0,,0.0
9106,75.9,1,N1S1879,190.0.1.1,190.0.1.4,1052,NetworkSendToLower,0,1879,20,Data,IPPROTO_UDP,0,,0.0
9116,76.0,1,N1S1881,190.0.1.1,190.0.1.4,1052,NetworkSendToLower,0,1881,20,Data,IPPROTO_UDP,0,,0.0
9136,76.1,1,N1S1884,190.0.1.1,190.0.1.4,1052,NetworkSendToLower,0,1884,20,Data,IPPROTO_UDP,0,,0.0
9141,76.113853401,1,N1S1883,190.0.1.1,255.255.255.255,56,NetworkSendToLower,0,1883,20,Data,IPPROTO_UDP,192,,0.0
9152,76.2,1,N1S1887,190.0.1.1,190.0.1.4,1052,NetworkSendToLower,0,1887,20,Data,IPPROTO_UDP,0,,0.0
9167,76.3,1,N1S1891,190.0.1.1,190.0.1.4,1052,NetworkSendToLower,0,1891,20,Data,IPPROTO_UDP,0,,0.0
9177,76.4,1,N1S1893,190.0.1.1,190.0.1.4,1052,NetworkSendToLower,0,1893,20,Data,IPPROTO_UDP,0,,0.0
9187,76.5,1,N1S1895,190.0.1.1,190.0.1.4,1052,NetworkSendToLower,0,1895,20,Data,IPPROTO_UDP,0,,0.0
9202,76.6,1,N1S1899,190.0.1.1,190.0.1.4,1052,NetworkSendToLower,0,1899,20,Data,IPPROTO_UDP,0,,0.0
9212,76.7,1,N1S1901,190.0.1.1,190.0.1.4,1052,NetworkSendToLower,0,1901,20,Data,IPPROTO_UDP,0,,0.0
9222,76.8,1,N1S1903,190.0.1.1,190.0.1.4,1052,NetworkSendToLower,0,1903,20,Data,IPPROTO_UDP,0,,0.0
9232,76.9,1,N1S1905,190.0.1.1,190.0.1.4,1052,NetworkSendToLower,0,1905,20,Data,IPPROTO_UDP,0,,0.0
9242,77.0,1,N1S1907,190.0.1.1,190.0.1.4,1052,NetworkSendToLower,0,1907,20,Data,IPPROTO_UDP,0,,0.0
9252,77.1,1,N1S1909,190.0.1.1,190.0.1.4,1052,NetworkSendToLower,0,1909,20,Data,IPPROTO_UDP,0,,0.0
9262,77.2,1,N1S1911,190.0.1.1,190.0.1.4,1052,NetworkSendToLower,0,1911,20,Data,IPPROTO_UDP,0,,0.0
9272,77.3,1,N1S1913,190.0.1.1,190.0.1.4,1052,NetworkSendToLower,0,1913,20,Data,IPPROTO_UDP,0,,0.0
9282,77.4,1,N1S1915,190.0.1.1,190.0.1.4,1052,NetworkSendToLower,0,1915,20,Data,IPPROTO_UDP,0,,0.0
9292,77.5,1,N1S1917,190.0.1.1,190.0.1.4,1052,NetworkSendToLower,0,1917,20,Data,IPPROTO_UDP,0,,0.0
9302,77.6,1,N1S1919,190.0.1.1,190.0.1.4,1052,NetworkSendToLower,0,1919,20,Data,IPPROTO_UDP,0,,0.0
9312,77.7,1,N1S1921,190.0.1.1,190.0.1.4,1052,NetworkSendToLower,0,1921,20,Data,IPPROTO_UDP,0,,0.0
9322,77.8,1,N1S1923,190.0.1.1,190.0.1.4,1052,NetworkSendToLower,0,1923,20,Data,IPPROTO_UDP,0,,0.0
9337,77.9,1,N1S1927,190.0.1.1,190.0.1.4,1052,NetworkSendToLower,0,1927,20,Data,IPPROTO_UDP,0,,0.0
9347,78.0,1,N1S1929,190.0.1.1,190.0.1.4,1052,NetworkSendToLower,0,1929,20,Data,IPPROTO_UDP,0,,0.0
9369,78.1,1,N1S1932,190.0.1.1,190.0.1.4,1052,NetworkSendToLower,0,1932,20,Data,IPPROTO_UDP,0,,0.0
9381,78.129343675,1,N1S1931,190.0.1.1,255.255.255.255,56,NetworkSendToLower,0,1931,20,Data,IPPROTO_UDP,192,,0.0
9385,78.2,1,N1S1934,190.0.1.1,190.0.1.4,1052,NetworkSendToLower,0,1934,20,Data,IPPROTO_UDP,0,,0.0
9395,78.3,1,N1S1936,190.0.1.1,190.0.1.4,1052,NetworkSendToLower,0,1936,20,Data,IPPROTO_UDP,0,,0.0
9405,78.4,1,N1S1938,190.0.1.1,190.0.1.4,1052,NetworkSendToLower,0,1938,20,Data,IPPROTO_UDP,0,,0.0
9415,78.5,1,N1S1940,190.0.1.1,190.0.1.4,1052,NetworkSendToLower,0,1940,20,Data,IPPROTO_UDP,0,,0.0
9425,78.6,1,N1S1942,190.0.1.1,190.0.1.4,1052,NetworkSendToLower,0,1942,20,Data,IPPROTO_UDP,0,,0.0
9440,78.7,1,N1S1946,190.0.1.1,190.0.1.4,1052,NetworkSendToLower,0,1946,20,Data,IPPROTO_UDP,0,,0.0
9450,78.8,1,N1S1948,190.0.1.1,190.0.1.4,1052,NetworkSendToLower,0,1948,20,Data,IPPROTO_UDP,0,,0.0
9460,78.9,1,N1S1950,190.0.1.1,190.0.1.4,1052,NetworkSendToLower,0,1950,20,Data,IPPROTO_UDP,0,,0.0
9470,79.0,1,N1S1952,190.0.1.1,190.0.1.4,1052,NetworkSendToLower,0,1952,20,Data,IPPROTO_UDP,0,,0.0
9480,79.1,1,N1S1954,190.0.1.1,190.0.1.4,1052,NetworkSendToLower,0,1954,20,Data,IPPROTO_UDP,0,,0.0
9490,79.2,1,N1S1956,190.0.1.1,190.0.1.4,1052,NetworkSendToLower,0,1956,20,Data,IPPROTO_UDP,0,,0.0
9505,79.3,1,N1S1960,190.0.1.1,190.0.1.4,1052,NetworkSendToLower,0,1960,20,Data,IPPROTO_UDP,0,,0.0
9522,79.4,1,N1S1964,190.0.1.1,190.0.1.4,1052,NetworkSendToLower,0,1964,20,Data,IPPROTO_UDP,0,,0.0
9532,79.5,1,N1S1966,190.0.1.1,190.0.1.4,1052,NetworkSendToLower,0,1966,20,Data,IPPROTO_UDP,0,,0.0
9542,79.6,1,N1S1968,190.0.1.1,190.0.1.4,1052,NetworkSendToLower,0,1968,20,Data,IPPROTO_UDP,0,,0.0
9552,79.7,1,N1S1970,190.0.1.1,190.0.1.4,1052,NetworkSendToLower,0,1970,20,Data,IPPROTO_UDP,0,,0.0
9562,79.8,1,N1S1972,190.0.1.1,190.0.1.4,1052,NetworkSendToLower,0,1972,20,Data,IPPROTO_UDP,0,,0.0
9572,79.9,1,N1S1974,190.0.1.1,190.0.1.4,1052,NetworkSendToLower,0,1974,20,Data,IPPROTO_UDP,0,,0.0
9582,80.0,1,N1S1976,190.0.1.1,190.0.1.4,1052,NetworkSendToLower,0,1976,20,Data,IPPROTO_UDP,0,,0.0
9629,80.128258645,1,N1S1980,190.0.1.1,255.255.255.255,56,NetworkSendToLower,0,1980,20,Data,IPPROTO_UDP,192,,0.0
9737,82.1,1,N1S2022,190.0.1.1,190.0.1.4,1052,NetworkSendToLower,0,2022,20,Data,IPPROTO_UDP,0,,0.0
9747,82.155224645,1,N1S2021,190.0.1.1,255.255.255.255,56,NetworkSendToLower,0,2021,20,Data,IPPROTO_UDP,192,,0.0
9751,82.2,1,N1S2024,190.0.1.1,190.0.1.4,1052,NetworkSendToLower,0,2024,20,Data,IPPROTO_UDP,0,,0.0
9766,82.3,1,N1S2028,190.0.1.1,190.0.1.4,1052,NetworkSendToLower,0,2028,20,Data,IPPROTO_UDP,0,,0.0
9776,82.4,1,N1S2030,190.0.1.1,190.0.1.4,1052,NetworkSendToLower,0,2030,20,Data,IPPROTO_UDP,0,,0.0
9791,82.5,1,N1S2034,190.0.1.1,190.0.1.4,1052,NetworkSendToLower,0,2034,20,Data,IPPROTO_UDP,0,,0.0
9801,82.6,1,N1S2036,190.0.1.1,190.0.1.4,1052,NetworkSendToLower,0,2036,20,Data,IPPROTO_UDP,0,,0.0
9811,82.7,1,N1S2038,190.0.1.1,190.0.1.4,1052,NetworkSendToLower,0,2038,20,Data,IPPROTO_UDP,0,,0.0
9826,82.8,1,N1S2043,190.0.1.1,190.0.1.4,1052,NetworkSendToLower,0,2043,20,Data,IPPROTO_UDP,0,,0.0
9836,82.9,1,N1S2045,190.0.1.1,190.0.1.4,1052,NetworkSendToLower,0,2045,20,Data,IPPROTO_UDP,0,,0.0
9846,83.0,1,N1S2047,190.0.1.1,190.0.1.4,1052,NetworkSendToLower,0,2047,20,Data,IPPROTO_UDP,0,,0.0
9856,83.1,1,N1S2049,190.0.1.1,190.0.1.4,1052,NetworkSendToLower,0,2049,20,Data,IPPROTO_UDP,0,,0.0
9866,83.2,1,N1S2051,190.0.1.1,190.0.1.4,1052,NetworkSendToLower,0,2051,20,Data,IPPROTO_UDP,0,,0.0
9876,83.3,1,N1S2053,190.0.1.1,190.0.1.4,1052,NetworkSendToLower,0,2053,20,Data,IPPROTO_UDP,0,,0.0
9886,83.4,1,N1S2055,190.0.1.1,190.0.1.4,1052,NetworkSendToLower,0,2055,20,Data,IPPROTO_UDP,0,,0.0
9896,83.5,1,N1S2057,190.0.1.1,190.0.1.4,1052,NetworkSendToLower,0,2057,20,Data,IPPROTO_UDP,0,,0.0
9911,83.6,1,N1S2061,190.0.1.1,190.0.1.4,1052,NetworkSendToLower,0,2061,20,Data,IPPROTO_UDP,0,,0.0
9921,83.7,1,N1S2064,190.0.1.1,190.0.1.4,1052,NetworkSendToLower,0,2064,20,Data,IPPROTO_UDP,0,,0.0
9931,83.8,1,N1S2066,190.0.1.1,190.0.1.4,1052,NetworkSendToLower,0,2066,20,Data,IPPROTO_UDP,0,,0.0
9946,83.9,1,N1S2070,190.0.1.1,190.0.1.4,1052,NetworkSendToLower,0,2070,20,Data,IPPROTO_UDP,0,,0.0
9956,84.0,1,N1S2072,190.0.1.1,190.0.1.4,1052,NetworkSendToLower,0,2072,20,Data,IPPROTO_UDP,0,,0.0
9976,84.1,1,N1S2075,190.0.1.1,190.0.1.4,1052,NetworkSendToLower,0,2075,20,Data,IPPROTO_UDP,0,,0.0
9997,84.160634928,1,N1S2074,190.0.1.1,255.255.255.255,56,NetworkSendToLower,0,2074,20,Data,IPPROTO_UDP,192,,0.0
10001,84.2,1,N1S2079,190.0.1.1,190.0.1.4,1052,NetworkSendToLower,0,2079,20,Data,IPPROTO_UDP,0,,0.0
10011,84.3,1,N1S2081,190.0.1.1,190.0.1.4,1052,NetworkSendToLower,0,2081,20,Data,IPPROTO_UDP,0,,0.0
10026,84.4,1,N1S2085,190.0.1.1,190.0.1.4,1052,NetworkSendToLower,0,2085,20,Data,IPPROTO_UDP,0,,0.0
10036,84.5,1,N1S2087,190.0.1.1,190.0.1.4,1052,NetworkSendToLower,0,2087,20,Data,IPPROTO_UDP,0,,0.0
10046,84.6,1,N1S2089,190.0.1.1,190.0.1.4,1052,NetworkSendToLower,0,2089,20,Data,IPPROTO_UDP,0,,0.0
10063,84.7,1,N1S2093,190.0.1.1,190.0.1.4,1052,NetworkSendToLower,0,2093,20,Data,IPPROTO_UDP,0,,0.0
10073,84.8,1,N1S2095,190.0.1.1,190.0.1.4,1052,NetworkSendToLower,0,2095,20,Data,IPPROTO_UDP,0,,0.0
10083,84.9,1,N1S2097,190.0.1.1,190.0.1.4,1052,NetworkSendToLower,0,2097,20,Data,IPPROTO_UDP,0,,0.0
10093,85.0,1,N1S2099,190.0.1.1,190.0.1.4,1052,NetworkSendToLower,0,2099,20,Data,IPPROTO_UDP,0,,0.0
10103,85.1,1,N1S2101,190.0.1.1,190.0.1.4,1052,NetworkSendToLower,0,2101,20,Data,IPPROTO_UDP,0,,0.0
10113,85.2,1,N1S2103,190.0.1.1,190.0.1.4,1052,NetworkSendToLower,0,2103,20,Data,IPPROTO_UDP,0,,0.0
10129,85.3,1,N1S2105,190.0.1.1,190.0.1.4,1052,NetworkSendToLower,0,2105,20,Data,IPPROTO_UDP,0,,0.0
10139,85.4,1,N1S2107,190.0.1.1,190.0.1.4,1052,NetworkSendToLower,0,2107,20,Data,IPPROTO_UDP,0,,0.0
10155,85.5,1,N1S2109,190.0.1.1,190.0.1.4,1052,NetworkSendToLower,0,2109,20,Data,IPPROTO_UDP,0,,0.0
10165,85.6,1,N1S2111,190.0.1.1,190.0.1.4,1052,NetworkSendToLower,0,2111,20,Data,IPPROTO_UDP,0,,0.0
10175,85.7,1,N1S2113,190.0.1.1,190.0.1.4,1052,NetworkSendToLower,0,2113,20,Data,IPPROTO_UDP,0,,0.0
10191,85.8,1,N1S2115,190.0.1.1,190.0.1.4,1052,NetworkSendToLower,0,2115,20,Data,IPPROTO_UDP,0,,0.0
10207,85.9,1,N1S2117,190.0.1.1,190.0.1.4,1052,NetworkSendToLower,0,2117,20,Data,IPPROTO_UDP,0,,0.0
10217,86.0,1,N1S2119,190.0.1.1,190.0.1.4,1052,NetworkSendToLower,0,2119,20,Data,IPPROTO_UDP,0,,0.0
10238,86.096599854,1,N1S2123,190.0.1.1,255.255.255.255,56,NetworkSendToLower,0,2123,20,Data,IPPROTO_UDP,192,,0.0
10242,86.1,1,N1S2124,190.0.1.1,190.0.1.4,1052,NetworkSendToLower,0,2124,20,Data,IPPROTO_UDP,0,,0.0
10262,86.2,1,N1S2126,190.0.1.1,190.0.1.4,1052,NetworkSendToLower,0,2126,20,Data,IPPROTO_UDP,0,,0.0
10272,86.3,1,N1S2128,190.0.1.1,190.0.1.4,1052,NetworkSendToLower,0,2128,20,Data,IPPROTO_UDP,0,,0.0
10282,86.4,1,N1S2130,190.0.1.1,190.0.1.4,1052,NetworkSendToLower,0,2130,20,Data,IPPROTO_UDP,0,,0.0
10292,86.5,1,N1S2132,190.0.1.1,190.0.1.4,1052,NetworkSendToLower,0,2132,20,Data,IPPROTO_UDP,0,,0.0
10302,86.6,1,N1S2134,190.0.1.1,190.0.1.4,1052,NetworkSendToLower,0,2134,20,Data,IPPROTO_UDP,0,,0.0
10312,86.7,1,N1S2136,190.0.1.1,190.0.1.4,1052,NetworkSendToLower,0,2136,20,Data,IPPROTO_UDP,0,,0.0
10322,86.8,1,N1S2138,190.0.1.1,190.0.1.4,1052,NetworkSendToLower,0,2138,20,Data,IPPROTO_UDP,0,,0.0
10337,86.9,1,N1S2142,190.0.1.1,190.0.1.4,1052,NetworkSendToLower,0,2142,20,Data,IPPROTO_UDP,0,,0.0
10347,87.0,1,N1S2144,190.0.1.1,190.0.1.4,1052,NetworkSendToLower,0,2144,20,Data,IPPROTO_UDP,0,,0.0
10364,87.1,1,N1S2148,190.0.1.1,190.0.1.4,1052,NetworkSendToLower,0,2148,20,Data,IPPROTO_UDP,0,,0.0
10374,87.2,1,N1S2150,190.0.1.1,190.0.1.4,1052,NetworkSendToLower,0,2150,20,Data,IPPROTO_UDP,0,,0.0
10384,87.3,1,N1S2152,190.0.1.1,190.0.1.4,1052,NetworkSendToLower,0,2152,20,Data,IPPROTO_UDP,0,,0.0
10394,87.4,1,N1S2154,190.0.1.1,190.0.1.4,1052,NetworkSendToLower,0,2154,20,Data,IPPROTO_UDP,0,,0.0
10409,87.5,1,N1S2158,190.0.1.1,190.0.1.4,1052,NetworkSendToLower,0,2158,20,Data,IPPROTO_UDP,0,,0.0
10419,87.6,1,N1S2160,190.0.1.1,190.0.1.4,1052,NetworkSendToLower,0,2160,20,Data,IPPROTO_UDP,0,,0.0
10429,87.7,1,N1S2162,190.0.1.1,190.0.1.4,1052,NetworkSendToLower,0,2162,20,Data,IPPROTO_UDP,0,,0.0
10446,87.8,1,N1S2166,190.0.1.1,190.0.1.4,1052,NetworkSendToLower,0,2166,20,Data,IPPROTO_UDP,0,,0.0
10456,87.9,1,N1S2168,190.0.1.1,190.0.1.4,1052,NetworkSendToLower,0,2168,20,Data,IPPROTO_UDP,0,,0.0
10466,88.0,1,N1S2170,190.0.1.1,190.0.1.4,1052,NetworkSendToLower,0,2170,20,Data,IPPROTO_UDP,0,,0.0
10486,88.1,1,N1S2173,190.0.1.1,190.0.1.4,1052,NetworkSendToLower,0,2173,20,Data,IPPROTO_UDP,0,,0.0
10497,88.133806772,1,N1S2172,190.0.1.1,255.255.255.255,56,NetworkSendToLower,0,2172,20,Data,IPPROTO_UDP,192,,0.0
10504,88.2,1,N1S2175,190.0.1.1,190.0.1.4,1052,NetworkSendToLower,0,2175,20,Data,IPPROTO_UDP,0,,0.0
10514,88.3,1,N1S2177,190.0.1.1,190.0.1.4,1052,NetworkSendToLower,0,2177,20,Data,IPPROTO_UDP,0,,0.0
10524,88.4,1,N1S2179,190.0.1.1,190.0.1.4,1052,NetworkSendToLower,0,2179,20,Data,IPPROTO_UDP,0,,0.0
10534,88.5,1,N1S2181,190.0.1.1,190.0.1.4,1052,NetworkSendToLower,0,2181,20,Data,IPPROTO_UDP,0,,0.0
10544,88.6,1,N1S2183,190.0.1.1,190.0.1.4,1052,NetworkSendToLower,0,2183,20,Data,IPPROTO_UDP,0,,0.0
10554,88.7,1,N1S2185,190.0.1.1,190.0.1.4,1052,NetworkSendToLower,0,2185,20,Data,IPPROTO_UDP,0,,0.0
10564,88.8,1,N1S2187,190.0.1.1,190.0.1.4,1052,NetworkSendToLower,0,2187,20,Data,IPPROTO_UDP,0,,0.0
10574,88.9,1,N1S2189,190.0.1.1,190.0.1.4,1052,NetworkSendToLower,0,2189,20,Data,IPPROTO_UDP,0,,0.0
10584,89.0,1,N1S2191,190.0.1.1,190.0.1.4,1052,NetworkSendToLower,0,2191,20,Data,IPPROTO_UDP,0,,0.0
10594,89.1,1,N1S2193,190.0.1.1,190.0.1.4,1052,NetworkSendToLower,0,2193,20,Data,IPPROTO_UDP,0,,0.0
10604,89.2,1,N1S2195,190.0.1.1,190.0.1.4,1052,NetworkSendToLower,0,2195,20,Data,IPPROTO_UDP,0,,0.0
10614,89.3,1,N1S2197,190.0.1.1,190.0.1.4,1052,NetworkSendToLower,0,2197,20,Data,IPPROTO_UDP,0,,0.0
10624,89.4,1,N1S2199,190.0.1.1,190.0.1.4,1052,NetworkSendToLower,0,2199,20,Data,IPPROTO_UDP,0,,0.0
10634,89.5,1,N1S2201,190.0.1.1,190.0.1.4,1052,NetworkSendToLower,0,2201,20,Data,IPPROTO_UDP,0,,0.0
10644,89.6,1,N1S2203,190.0.1.1,190.0.1.4,1052,NetworkSendToLower,0,2203,20,Data,IPPROTO_UDP,0,,0.0
10654,89.7,1,N1S2205,190.0.1.1,190.0.1.4,1052,NetworkSendToLower,0,2205,20,Data,IPPROTO_UDP,0,,0.0
10664,89.8,1,N1S2207,190.0.1.1,190.0.1.4,1052,NetworkSendToLower,0,2207,20,Data,IPPROTO_UDP,0,,0.0
10674,89.9,1,N1S2209,190.0.1.1,190.0.1.4,1052,NetworkSendToLower,0,2209,20,Data,IPPROTO_UDP,0,,0.0
10689,90.0,1,N1S2213,190.0.1.1,190.0.1.4,1052,NetworkSendToLower,0,2213,20,Data,IPPROTO_UDP,0,,0.0
10709,90.1,1,N1S2216,190.0.1.1,190.0.1.4,1052,NetworkSendToLower,0,2216,20,Data,IPPROTO_UDP,0,,0.0
10725,90.130741978,1,N1S2215,190.0.1.1,255.255.255.255,56,NetworkSendToLower,0,2215,20,Data,IPPROTO_UDP,192,,0.0
10729,90.2,1,N1S2218,190.0.1.1,190.0.1.4,1052,NetworkSendToLower,0,2218,20,Data,IPPROTO_UDP,0,,0.0
10748,90.3,1,N1S2222,190.0.1.1,190.0.1.4,1052,NetworkSendToLower,0,2222,20,Data,IPPROTO_UDP,0,,0.0
10764,90.4,1,N1S2224,190.0.1.1,190.0.1.4,1052,NetworkSendToLower,0,2224,20,Data,IPPROTO_UDP,0,,0.0
10774,90.5,1,N1S2226,190.0.1.1,190.0.1.4,1052,NetworkSendToLower,0,2226,20,Data,IPPROTO_UDP,0,,0.0
10790,90.6,1,N1S2228,190.0.1.1,190.0.1.4,1052,NetworkSendToLower,0,2228,20,Data,IPPROTO_UDP,0,,0.0
10800,90.7,1,N1S2230,190.0.1.1,190.0.1.4,1052,NetworkSendToLower,0,2230,20,Data,IPPROTO_UDP,0,,0.0
10816,90.8,1,N1S2232,190.0.1.1,190.0.1.4,1052,NetworkSendToLower,0,2232,20,Data,IPPROTO_UDP,0,,0.0
10833,90.9,1,N1S2236,190.0.1.1,190.0.1.4,1052,NetworkSendToLower,0,2236,20,Data,IPPROTO_UDP,0,,0.0
10843,91.0,1,N1S2238,190.0.1.1,190.0.1.4,1052,NetworkSendToLower,0,2238,20,Data,IPPROTO_UDP,0,,0.0
10853,91.1,1,N1S2240,190.0.1.1,190.0.1.4,1052,NetworkSendToLower,0,2240,20,Data,IPPROTO_UDP,0,,0.0
10868,91.2,1,N1S2244,190.0.1.1,190.0.1.4,1052,NetworkSendToLower,0,2244,20,Data,IPPROTO_UDP,0,,0.0
10878,91.3,1,N1S2246,190.0.1.1,190.0.1.4,1052,NetworkSendToLower,0,2246,20,Data,IPPROTO_UDP,0,,0.0
10893,91.4,1,N1S2250,190.0.1.1,190.0.1.4,1052,NetworkSendToLower,0,2250,20,Data,IPPROTO_UDP,0,,0.0
10903,91.5,1,N1S2252,190.0.1.1,190.0.1.4,1052,NetworkSendToLower,0,2252,20,Data,IPPROTO_UDP,0,,0.0
10913,91.6,1,N1S2254,190.0.1.1,190.0.1.4,1052,NetworkSendToLower,0,2254,20,Data,IPPROTO_UDP,0,,0.0
10923,91.7,1,N1S2256,190.0.1.1,190.0.1.4,1052,NetworkSendToLower,0,2256,20,Data,IPPROTO_UDP,0,,0.0
10933,91.8,1,N1S2258,190.0.1.1,190.0.1.4,1052,NetworkSendToLower,0,2258,20,Data,IPPROTO_UDP,0,,0.0
10943,91.9,1,N1S2260,190.0.1.1,190.0.1.4,1052,NetworkSendToLower,0,2260,20,Data,IPPROTO_UDP,0,,0.0
10953,92.0,1,N1S2262,190.0.1.1,190.0.1.4,1052,NetworkSendToLower,0,2262,20,Data,IPPROTO_UDP,0,,0.0
10973,92.1,1,N1S2265,190.0.1.1,190.0.1.4,1052,NetworkSendToLower,0,2265,20,Data,IPPROTO_UDP,0,,0.0
10978,92.105531514,1,N1S2264,190.0.1.1,255.255.255.255,56,NetworkSendToLower,0,2264,20,Data,IPPROTO_UDP,192,,0.0
10991,92.2,1,N1S2267,190.0.1.1,190.0.1.4,1052,NetworkSendToLower,0,2267,20,Data,IPPROTO_UDP,0,,0.0
11001,92.3,1,N1S2269,190.0.1.1,190.0.1.4,1052,NetworkSendToLower,0,2269,20,Data,IPPROTO_UDP,0,,0.0
11011,92.4,1,N1S2271,190.0.1.1,190.0.1.4,1052,NetworkSendToLower,0,2271,20,Data,IPPROTO_UDP,0,,0.0
11021,92.5,1,N1S2273,190.0.1.1,190.0.1.4,1052,NetworkSendToLower,0,2273,20,Data,IPPROTO_UDP,0,,0.0
11038,92.6,1,N1S2277,190.0.1.1,190.0.1.4,1052,NetworkSendToLower,0,2277,20,Data,IPPROTO_UDP,0,,0.0
11048,92.7,1,N1S2279,190.0.1.1,190.0.1.4,1052,NetworkSendToLower,0,2279,20,Data,IPPROTO_UDP,0,,0.0
11058,92.8,1,N1S2281,190.0.1.1,190.0.1.4,1052,NetworkSendToLower,0,2281,20,Data,IPPROTO_UDP,0,,0.0
11068,92.9,1,N1S2283,190.0.1.1,190.0.1.4,1052,NetworkSendToLower,0,2283,20,Data,IPPROTO_UDP,0,,0.0
11078,93.0,1,N1S2285,190.0.1.1,190.0.1.4,1052,NetworkSendToLower,0,2285,20,Data,IPPROTO_UDP,0,,0.0
11088,93.1,1,N1S2287,190.0.1.1,190.0.1.4,1052,NetworkSendToLower,0,2287,20,Data,IPPROTO_UDP,0,,0.0
11098,93.2,1,N1S2289,190.0.1.1,190.0.1.4,1052,NetworkSendToLower,0,2289,20,Data,IPPROTO_UDP,0,,0.0
11108,93.3,1,N1S2291,190.0.1.1,190.0.1.4,1052,NetworkSendToLower,0,2291,20,Data,IPPROTO_UDP,0,,0.0
11118,93.4,1,N1S2293,190.0.1.1,190.0.1.4,1052,NetworkSendToLower,0,2293,20,Data,IPPROTO_UDP,0,,0.0
11128,93.5,1,N1S2295,190.0.1.1,190.0.1.4,1052,NetworkSendToLower,0,2295,20,Data,IPPROTO_UDP,0,,0.0
11138,93.6,1,N1S2297,190.0.1.1,190.0.1.4,1052,NetworkSendToLower,0,2297,20,Data,IPPROTO_UDP,0,,0.0
11148,93.7,1,N1S2299,190.0.1.1,190.0.1.4,1052,NetworkSendToLower,0,2299,20,Data,IPPROTO_UDP,0,,0.0
11158,93.8,1,N1S2301,190.0.1.1,190.0.1.4,1052,NetworkSendToLower,0,2301,20,Data,IPPROTO_UDP,0,,0.0
11168,93.9,1,N1S2303,190.0.1.1,190.0.1.4,1052,NetworkSendToLower,0,2303,20,Data,IPPROTO_UDP,0,,0.0
11178,94.0,1,N1S2305,190.0.1.1,190.0.1.4,1052,NetworkSendToLower,0,2305,20,Data,IPPROTO_UDP,0,,0.0
11192,94.064411473,1,N1S2307,190.0.1.1,255.255.255.255,56,NetworkSendToLower,0,2307,20,Data,IPPROTO_UDP,192,,0.0
11208,94.1,1,N1S2308,190.0.1.1,190.0.1.4,1052,NetworkSendToLower,0,2308,20,Data,IPPROTO_UDP,0,,0.0
11218,94.2,1,N1S2310,190.0.1.1,190.0.1.4,1052,NetworkSendToLower,0,2310,20,Data,IPPROTO_UDP,0,,0.0
11228,94.3,1,N1S2312,190.0.1.1,190.0.1.4,1052,NetworkSendToLower,0,2312,20,Data,IPPROTO_UDP,0,,0.0
11238,94.4,1,N1S2314,190.0.1.1,190.0.1.4,1052,NetworkSendToLower,0,2314,20,Data,IPPROTO_UDP,0,,0.0
11248,94.5,1,N1S2316,190.0.1.1,190.0.1.4,1052,NetworkSendToLower,0,2316,20,Data,IPPROTO_UDP,0,,0.0
11258,94.6,1,N1S2318,190.0.1.1,190.0.1.4,1052,NetworkSendToLower,0,2318,20,Data,IPPROTO_UDP,0,,0.0
11268,94.7,1,N1S2320,190.0.1.1,190.0.1.4,1052,NetworkSendToLower,0,2320,20,Data,IPPROTO_UDP,0,,0.0
11278,94.8,1,N1S2322,190.0.1.1,190.0.1.4,1052,NetworkSendToLower,0,2322,20,Data,IPPROTO_UDP,0,,0.0
11288,94.9,1,N1S2324,190.0.1.1,190.0.1.4,1052,NetworkSendToLower,0,2324,20,Data,IPPROTO_UDP,0,,0.0
11298,95.0,1,N1S2326,190.0.1.1,190.0.1.4,1052,NetworkSendToLower,0,2326,20,Data,IPPROTO_UDP,0,,0.0
11308,95.1,1,N1S2328,190.0.1.1,190.0.1.4,1052,NetworkSendToLower,0,2328,20,Data,IPPROTO_UDP,0,,0.0
11318,95.2,1,N1S2330,190.0.1.1,190.0.1.4,1052,NetworkSendToLower,0,2330,20,Data,IPPROTO_UDP,0,,0.0
11333,95.3,1,N1S2335,190.0.1.1,190.0.1.4,1052,NetworkSendToLower,0,2335,20,Data,IPPROTO_UDP,0,,0.0
11349,95.4,1,N1S2337,190.0.1.1,190.0.1.4,1052,NetworkSendToLower,0,2337,20,Data,IPPROTO_UDP,0,,0.0
11365,95.5,1,N1S2339,190.0.1.1,190.0.1.4,1052,NetworkSendToLower,0,2339,20,Data,IPPROTO_UDP,0,,0.0
11381,95.6,1,N1S2341,190.0.1.1,190.0.1.4,1052,NetworkSendToLower,0,2341,20,Data,IPPROTO_UDP,0,,0.0
11391,95.7,1,N1S2343,190.0.1.1,190.0.1.4,1052,NetworkSendToLower,0,2343,20,Data,IPPROTO_UDP,0,,0.0
11407,95.8,1,N1S2345,190.0.1.1,190.0.1.4,1052,NetworkSendToLower,0,2345,20,Data,IPPROTO_UDP,0,,0.0
11417,95.9,1,N1S2347,190.0.1.1,190.0.1.4,1052,NetworkSendToLower,0,2347,20,Data,IPPROTO_UDP,0,,0.0
11434,96.0,1,N1S2351,190.0.1.1,190.0.1.4,1052,NetworkSendToLower,0,2351,20,Data,IPPROTO_UDP,0,,0.0
11452,96.1,1,N1S2354,190.0.1.1,190.0.1.4,1052,NetworkSendToLower,0,2354,20,Data,IPPROTO_UDP,0,,0.0
11468,96.141522268,1,N1S2353,190.0.1.1,255.255.255.255,56,NetworkSendToLower,0,2353,20,Data,IPPROTO_UDP,192,,0.0
11472,96.2,1,N1S2356,190.0.1.1,190.0.1.4,1052,NetworkSendToLower,0,2356,20,Data,IPPROTO_UDP,0,,0.0
11482,96.3,1,N1S2358,190.0.1.1,190.0.1.4,1052,NetworkSendToLower,0,2358,20,Data,IPPROTO_UDP,0,,0.0
11492,96.4,1,N1S2360,190.0.1.1,190.0.1.4,1052,NetworkSendToLower,0,2360,20,Data,IPPROTO_UDP,0,,0.0
11502,96.5,1,N1S2362,190.0.1.1,190.0.1.4,1052,NetworkSendToLower,0,2362,20,Data,IPPROTO_UDP,0,,0.0
11512,96.6,1,N1S2364,190.0.1.1,190.0.1.4,1052,NetworkSendToLower,0,2364,20,Data,IPPROTO_UDP,0,,0.0
11522,96.7,1,N1S2366,190.0.1.1,190.0.1.4,1052,NetworkSendToLower,0,2366,20,Data,IPPROTO_UDP,0,,0.0
11532,96.8,1,N1S2368,190.0.1.1,190.0.1.4,1052,NetworkSendToLower,0,2368,20,Data,IPPROTO_UDP,0,,0.0
11542,96.9,1,N1S2370,190.0.1.1,190.0.1.4,1052,NetworkSendToLower,0,2370,20,Data,IPPROTO_UDP,0,,0.0
11552,97.0,1,N1S2373,190.0.1.1,190.0.1.4,1052,NetworkSendToLower,0,2373,20,Data,IPPROTO_UDP,0,,0.0
11562,97.1,1,N1S2375,190.0.1.1,190.0.1.4,1052,NetworkSendToLower,0,2375,20,Data,IPPROTO_UDP,0,,0.0
11572,97.2,1,N1S2377,190.0.1.1,190.0.1.4,1052,NetworkSendToLower,0,2377,20,Data,IPPROTO_UDP,0,,0.0
11582,97.3,1,N1S2379,190.0.1.1,190.0.1.4,1052,NetworkSendToLower,0,2379,20,Data,IPPROTO_UDP,0,,0.0
11592,97.4,1,N1S2381,190.0.1.1,190.0.1.4,1052,NetworkSendToLower,0,2381,20,Data,IPPROTO_UDP,0,,0.0
11602,97.5,1,N1S2383,190.0.1.1,190.0.1.4,1052,NetworkSendToLower,0,2383,20,Data,IPPROTO_UDP,0,,0.0
11612,97.6,1,N1S2385,190.0.1.1,190.0.1.4,1052,NetworkSendToLower,0,2385,20,Data,IPPROTO_UDP,0,,0.0
11622,97.7,1,N1S2387,190.0.1.1,190.0.1.4,1052,NetworkSendToLower,0,2387,20,Data,IPPROTO_UDP,0,,0.0
11632,97.8,1,N1S2389,190.0.1.1,190.0.1.4,1052,NetworkSendToLower,0,2389,20,Data,IPPROTO_UDP,0,,0.0
11642,97.9,1,N1S2391,190.0.1.1,190.0.1.4,1052,NetworkSendToLower,0,2391,20,Data,IPPROTO_UDP,0,,0.0
11652,98.0,1,N1S2393,190.0.1.1,190.0.1.4,1052,NetworkSendToLower,0,2393,20,Data,IPPROTO_UDP,0,,0.0
11672,98.1,1,N1S2396,190.0.1.1,190.0.1.4,1052,NetworkSendToLower,0,2396,20,Data,IPPROTO_UDP,0,,0.0
11677,98.105938,1,N1S2395,190.0.1.1,255.255.255.255,56,NetworkSendToLower,0,2395,20,Data,IPPROTO_UDP,192,,0.0
11692,98.2,1,N1S2398,190.0.1.1,190.0.1.4,1052,NetworkSendToLower,0,2398,20,Data,IPPROTO_UDP,0,,0.0
11702,98.3,1,N1S2400,190.0.1.1,190.0.1.4,1052,NetworkSendToLower,0,2400,20,Data,IPPROTO_UDP,0,,0.0
11717,98.4,1,N1S2404,190.0.1.1,190.0.1.4,1052,NetworkSendToLower,0,2404,20,Data,IPPROTO_UDP,0,,0.0
11727,98.5,1,N1S2406,190.0.1.1,190.0.1.4,1052,NetworkSendToLower,0,2406,20,Data,IPPROTO_UDP,0,,0.0
11737,98.6,1,N1S2408,190.0.1.1,190.0.1.4,1052,NetworkSendToLower,0,2408,20,Data,IPPROTO_UDP,0,,0.0
11747,98.7,1,N1S2410,190.0.1.1,190.0.1.4,1052,NetworkSendToLower,0,2410,20,Data,IPPROTO_UDP,0,,0.0
11757,98.8,1,N1S2412,190.0.1.1,190.0.1.4,1052,NetworkSendToLower,0,2412,20,Data,IPPROTO_UDP,0,,0.0
11767,98.9,1,N1S2414,190.0.1.1,190.0.1.4,1052,NetworkSendToLower,0,2414,20,Data,IPPROTO_UDP,0,,0.0
11777,99.0,1,N1S2416,190.0.1.1,190.0.1.4,1052,NetworkSendToLower,0,2416,20,Data,IPPROTO_UDP,0,,0.0
11787,99.1,1,N1S2418,190.0.1.1,190.0.1.4,1052,NetworkSendToLower,0,2418,20,Data,IPPROTO_UDP,0,,0.0
11797,99.2,1,N1S2420,190.0.1.1,190.0.1.4,1052,NetworkSendToLower,0,2420,20,Data,IPPROTO_UDP,0,,0.0
11812,99.3,1,N1S2424,190.0.1.1,190.0.1.4,1052,NetworkSendToLower,0,2424,20,Data,IPPROTO_UDP,0,,0.0
11822,99.4,1,N1S2426,190.0.1.1,190.0.1.4,1052,NetworkSendToLower,0,2426,20,Data,IPPROTO_UDP,0,,0.0
11832,99.5,1,N1S2428,190.0.1.1,190.0.1.4,1052,NetworkSendToLower,0,2428,20,Data,IPPROTO_UDP,0,,0.0
11842,99.6,1,N1S2430,190.0.1.1,190.0.1.4,1052,NetworkSendToLower,0,2430,20,Data,IPPROTO_UDP,0,,0.0
11852,99.7,1,N1S2432,190.0.1.1,190.0.1.4,1052,NetworkSendToLower,0,2432,20,Data,IPPROTO_UDP,0,,0.0
11862,99.8,1,N1S2434,190.0.1.1,190.0.1.4,1052,NetworkSendToLower,0,2434,20,Data,IPPROTO_UDP,0,,0.0
11872,99.9,1,N1S2436,190.0.1.1,190.0.1.4,1052,NetworkSendToLower,0,2436,20,Data,IPPROTO_UDP,0,,0.0
11882,100.0,1,N1S2438,190.0.1.1,190.0.1.4,1052,NetworkSendToLower,0,2438,20,Data,IPPROTO_UDP,0,,0.0
11908,100.078161647,1,N1S2440,190.0.1.1,255.255.255.255,56,NetworkSendToLower,0,2440,20,Data,IPPROTO_UDP,192,,0.0
11912,100.1,1,N1S2441,190.0.1.1,190.0.1.4,1052,NetworkSendToLower,0,2441,20,Data,IPPROTO_UDP,0,,0.0
11922,100.2,1,N1S2443,190.0.1.1,190.0.1.4,1052,NetworkSendToLower,0,2443,20,Data,IPPROTO_UDP,0,,0.0
11932,100.3,1,N1S2445,190.0.1.1,190.0.1.4,1052,NetworkSendToLower,0,2445,20,Data,IPPROTO_UDP,0,,0.0
11942,100.4,1,N1S2447,190.0.1.1,190.0.1.4,1052,NetworkSendToLower,0,2447,20,Data,IPPROTO_UDP,0,,0.0
11964,100.5,1,N1S2449,190.0.1.1,190.0.1.4,1052,NetworkSendToLower,0,2449,20,Data,IPPROTO_UDP,0,,0.0
11980,100.6,1,N1S2451,190.0.1.1,190.0.1.4,1052,NetworkSendToLower,0,2451,20,Data,IPPROTO_UDP,0,,0.0
11996,100.7,1,N1S2453,190.0.1.1,190.0.1.4,1052,NetworkSendToLower,0,2453,20,Data,IPPROTO_UDP,0,,0.0
12006,100.8,1,N1S2455,190.0.1.1,190.0.1.4,1052,NetworkSendToLower,0,2455,20,Data,IPPROTO_UDP,0,,0.0
12016,100.9,1,N1S2457,190.0.1.1,190.0.1.4,1052,NetworkSendToLower,0,2457,20,Data,IPPROTO_UDP,0,,0.0
12026,101.0,1,N1S2459,190.0.1.1,190.0.1.4,1052,NetworkSendToLower,0,2459,20,Data,IPPROTO_UDP,0,,0.0
12036,101.1,1,N1S2461,190.0.1.1,190.0.1.4,1052,NetworkSendToLower,0,2461,20,Data,IPPROTO_UDP,0,,0.0
12046,101.2,1,N1S2463,190.0.1.1,190.0.1.4,1052,NetworkSendToLower,0,2463,20,Data,IPPROTO_UDP,0,,0.0
12056,101.3,1,N1S2465,190.0.1.1,190.0.1.4,1052,NetworkSendToLower,0,2465,20,Data,IPPROTO_UDP,0,,0.0
12066,101.4,1,N1S2467,190.0.1.1,190.0.1.4,1052,NetworkSendToLower,0,2467,20,Data,IPPROTO_UDP,0,,0.0
12076,101.5,1,N1S2469,190.0.1.1,190.0.1.4,1052,NetworkSendToLower,0,2469,20,Data,IPPROTO_UDP,0,,0.0
12086,101.6,1,N1S2471,190.0.1.1,190.0.1.4,1052,NetworkSendToLower,0,2471,20,Data,IPPROTO_UDP,0,,0.0
12096,101.7,1,N1S2473,190.0.1.1,190.0.1.4,1052,NetworkSendToLower,0,2473,20,Data,IPPROTO_UDP,0,,0.0
12106,101.8,1,N1S2475,190.0.1.1,190.0.1.4,1052,NetworkSendToLower,0,2475,20,Data,IPPROTO_UDP,0,,0.0
12116,101.9,1,N1S2477,190.0.1.1,190.0.1.4,1052,NetworkSendToLower,0,2477,20,Data,IPPROTO_UDP,0,,0.0
12126,102.0,1,N1S2479,190.0.1.1,190.0.1.4,1052,NetworkSendToLower,0,2479,20,Data,IPPROTO_UDP,0,,0.0
12146,102.1,1,N1S2482,190.0.1.1,190.0.1.4,1052,NetworkSendToLower,0,2482,20,Data,IPPROTO_UDP,0,,0.0
12154,102.140257066,1,N1S2481,190.0.1.1,255.255.255.255,56,NetworkSendToLower,0,2481,20,Data,IPPROTO_UDP,192,,0.0
12169,102.2,1,N1S2486,190.0.1.1,190.0.1.4,1052,NetworkSendToLower,0,2486,20,Data,IPPROTO_UDP,0,,0.0
12179,102.3,1,N1S2488,190.0.1.1,190.0.1.4,1052,NetworkSendToLower,0,2488,20,Data,IPPROTO_UDP,0,,0.0
12189,102.4,1,N1S2490,190.0.1.1,190.0.1.4,1052,NetworkSendToLower,0,2490,20,Data,IPPROTO_UDP,0,,0.0
12199,102.5,1,N1S2492,190.0.1.1,190.0.1.4,1052,NetworkSendToLower,0,2492,20,Data,IPPROTO_UDP,0,,0.0
12209,102.6,1,N1S2494,190.0.1.1,190.0.1.4,1052,NetworkSendToLower,0,2494,20,Data,IPPROTO_UDP,0,,0.0
12219,102.7,1,N1S2496,190.0.1.1,190.0.1.4,1052,NetworkSendToLower,0,2496,20,Data,IPPROTO_UDP,0,,0.0
12229,102.8,1,N1S2498,190.0.1.1,190.0.1.4,1052,NetworkSendToLower,0,2498,20,Data,IPPROTO_UDP,0,,0.0
12239,102.9,1,N1S2500,190.0.1.1,190.0.1.4,1052,NetworkSendToLower,0,2500,20,Data,IPPROTO_UDP,0,,0.0
12249,103.0,1,N1S2502,190.0.1.1,190.0.1.4,1052,NetworkSendToLower,0,2502,20,Data,IPPROTO_UDP,0,,0.0
12259,103.1,1,N1S2505,190.0.1.1,190.0.1.4,1052,NetworkSendToLower,0,2505,20,Data,IPPROTO_UDP,0,,0.0
12269,103.2,1,N1S2507,190.0.1.1,190.0.1.4,1052,NetworkSendToLower,0,2507,20,Data,IPPROTO_UDP,0,,0.0
12279,103.3,1,N1S2509,190.0.1.1,190.0.1.4,1052,NetworkSendToLower,0,2509,20,Data,IPPROTO_UDP,0,,0.0
12289,103.4,1,N1S2511,190.0.1.1,190.0.1.4,1052,NetworkSendToLower,0,2511,20,Data,IPPROTO_UDP,0,,0.0
12299,103.5,1,N1S2513,190.0.1.1,190.0.1.4,1052,NetworkSendToLower,0,2513,20,Data,IPPROTO_UDP,0,,0.0
12309,103.6,1,N1S2515,190.0.1.1,190.0.1.4,1052,NetworkSendToLower,0,2515,20,Data,IPPROTO_UDP,0,,0.0
12319,103.7,1,N1S2517,190.0.1.1,190.0.1.4,1052,NetworkSendToLower,0,2517,20,Data,IPPROTO_UDP,0,,0.0
12329,103.8,1,N1S2519,190.0.1.1,190.0.1.4,1052,NetworkSendToLower,0,2519,20,Data,IPPROTO_UDP,0,,0.0
12339,103.9,1,N1S2521,190.0.1.1,190.0.1.4,1052,NetworkSendToLower,0,2521,20,Data,IPPROTO_UDP,0,,0.0
12349,104.0,1,N1S2523,190.0.1.1,190.0.1.4,1052,NetworkSendToLower,0,2523,20,Data,IPPROTO_UDP,0,,0.0
12371,104.1,1,N1S2526,190.0.1.1,190.0.1.4,1052,NetworkSendToLower,0,2526,20,Data,IPPROTO_UDP,0,,0.0
12385,104.125331116,1,N1S2525,190.0.1.1,255.255.255.255,56,NetworkSendToLower,0,2525,20,Data,IPPROTO_UDP,192,,0.0
12389,104.2,1,N1S2528,190.0.1.1,190.0.1.4,1052,NetworkSendToLower,0,2528,20,Data,IPPROTO_UDP,0,,0.0
12399,104.3,1,N1S2530,190.0.1.1,190.0.1.4,1052,NetworkSendToLower,0,2530,20,Data,IPPROTO_UDP,0,,0.0
12409,104.4,1,N1S2532,190.0.1.1,190.0.1.4,1052,NetworkSendToLower,0,2532,20,Data,IPPROTO_UDP,0,,0.0
12419,104.5,1,N1S2534,190.0.1.1,190.0.1.4,1052,NetworkSendToLower,0,2534,20,Data,IPPROTO_UDP,0,,0.0
12429,104.6,1,N1S2536,190.0.1.1,190.0.1.4,1052,NetworkSendToLower,0,2536,20,Data,IPPROTO_UDP,0,,0.0
12439,104.7,1,N1S2538,190.0.1.1,190.0.1.4,1052,NetworkSendToLower,0,2538,20,Data,IPPROTO_UDP,0,,0.0
12449,104.8,1,N1S2540,190.0.1.1,190.0.1.4,1052,NetworkSendToLower,0,2540,20,Data,IPPROTO_UDP,0,,0.0
12459,104.9,1,N1S2542,190.0.1.1,190.0.1.4,1052,NetworkSendToLower,0,2542,20,Data,IPPROTO_UDP,0,,0.0
12469,105.0,1,N1S2544,190.0.1.1,190.0.1.4,1052,NetworkSendToLower,0,2544,20,Data,IPPROTO_UDP,0,,0.0
12479,105.1,1,N1S2546,190.0.1.1,190.0.1.4,1052,NetworkSendToLower,0,2546,20,Data,IPPROTO_UDP,0,,0.0
12495,105.2,1,N1S2548,190.0.1.1,190.0.1.4,1052,NetworkSendToLower,0,2548,20,Data,IPPROTO_UDP,0,,0.0
12505,105.3,1,N1S2550,190.0.1.1,190.0.1.4,1052,NetworkSendToLower,0,2550,20,Data,IPPROTO_UDP,0,,0.0
12533,105.4,1,N1S2552,190.0.1.1,190.0.1.4,1052,NetworkSendToLower,0,2552,20,Data,IPPROTO_UDP,0,,0.0
12543,105.5,1,N1S2554,190.0.1.1,190.0.1.4,1052,NetworkSendToLower,0,2554,20,Data,IPPROTO_UDP,0,,0.0
12553,105.6,1,N1S2556,190.0.1.1,190.0.1.4,1052,NetworkSendToLower,0,2556,20,Data,IPPROTO_UDP,0,,0.0
12568,105.7,1,N1S2560,190.0.1.1,190.0.1.4,1052,NetworkSendToLower,0,2560,20,Data,IPPROTO_UDP,0,,0.0
12578,105.8,1,N1S2562,190.0.1.1,190.0.1.4,1052,NetworkSendToLower,0,2562,20,Data,IPPROTO_UDP,0,,0.0
12588,105.9,1,N1S2564,190.0.1.1,190.0.1.4,1052,NetworkSendToLower,0,2564,20,Data,IPPROTO_UDP,0,,0.0
12598,106.0,1,N1S2566,190.0.1.1,190.0.1.4,1052,NetworkSendToLower,0,2566,20,Data,IPPROTO_UDP,0,,0.0
12612,106.067061077,1,N1S2568,190.0.1.1,255.255.255.255,56,NetworkSendToLower,0,2568,20,Data,IPPROTO_UDP,192,,0.0
12628,106.1,1,N1S2569,190.0.1.1,190.0.1.4,1052,NetworkSendToLower,0,2569,20,Data,IPPROTO_UDP,0,,0.0
12638,106.2,1,N1S2571,190.0.1.1,190.0.1.4,1052,NetworkSendToLower,0,2571,20,Data,IPPROTO_UDP,0,,0.0
12648,106.3,1,N1S2573,190.0.1.1,190.0.1.4,1052,NetworkSendToLower,0,2573,20,Data,IPPROTO_UDP,0,,0.0
12658,106.4,1,N1S2575,190.0.1.1,190.0.1.4,1052,NetworkSendToLower,0,2575,20,Data,IPPROTO_UDP,0,,0.0
12668,106.5,1,N1S2577,190.0.1.1,190.0.1.4,1052,NetworkSendToLower,0,2577,20,Data,IPPROTO_UDP,0,,0.0
12678,106.6,1,N1S2579,190.0.1.1,190.0.1.4,1052,NetworkSendToLower,0,2579,20,Data,IPPROTO_UDP,0,,0.0
12688,106.7,1,N1S2581,190.0.1.1,190.0.1.4,1052,NetworkSendToLower,0,2581,20,Data,IPPROTO_UDP,0,,0.0
12698,106.8,1,N1S2583,190.0.1.1,190.0.1.4,1052,NetworkSendToLower,0,2583,20,Data,IPPROTO_UDP,0,,0.0
12708,106.9,1,N1S2585,190.0.1.1,190.0.1.4,1052,NetworkSendToLower,0,2585,20,Data,IPPROTO_UDP,0,,0.0
12718,107.0,1,N1S2587,190.0.1.1,190.0.1.4,1052,NetworkSendToLower,0,2587,20,Data,IPPROTO_UDP,0,,0.0
12728,107.1,1,N1S2589,190.0.1.1,190.0.1.4,1052,NetworkSendToLower,0,2589,20,Data,IPPROTO_UDP,0,,0.0
12738,107.2,1,N1S2591,190.0.1.1,190.0.1.4,1052,NetworkSendToLower,0,2591,20,Data,IPPROTO_UDP,0,,0.0
12748,107.3,1,N1S2593,190.0.1.1,190.0.1.4,1052,NetworkSendToLower,0,2593,20,Data,IPPROTO_UDP,0,,0.0
12758,107.4,1,N1S2595,190.0.1.1,190.0.1.4,1052,NetworkSendToLower,0,2595,20,Data,IPPROTO_UDP,0,,0.0
12768,107.5,1,N1S2597,190.0.1.1,190.0.1.4,1052,NetworkSendToLower,0,2597,20,Data,IPPROTO_UDP,0,,0.0
12778,107.6,1,N1S2599,190.0.1.1,190.0.1.4,1052,NetworkSendToLower,0,2599,20,Data,IPPROTO_UDP,0,,0.0
12788,107.7,1,N1S2601,190.0.1.1,190.0.1.4,1052,NetworkSendToLower,0,2601,20,Data,IPPROTO_UDP,0,,0.0
12798,107.8,1,N1S2603,190.0.1.1,190.0.1.4,1052,NetworkSendToLower,0,2603,20,Data,IPPROTO_UDP,0,,0.0
12813,107.9,1,N1S2607,190.0.1.1,190.0.1.4,1052,NetworkSendToLower,0,2607,20,Data,IPPROTO_UDP,0,,0.0
12823,108.0,1,N1S2609,190.0.1.1,190.0.1.4,1052,NetworkSendToLower,0,2609,20,Data,IPPROTO_UDP,0,,0.0
12849,108.1,1,N1S2612,190.0.1.1,190.0.1.4,1052,NetworkSendToLower,0,2612,20,Data,IPPROTO_UDP,0,,0.0
12859,108.144322014,1,N1S2611,190.0.1.1,255.255.255.255,56,NetworkSendToLower,0,2611,20,Data,IPPROTO_UDP,192,,0.0
12863,108.2,1,N1S2614,190.0.1.1,190.0.1.4,1052,NetworkSendToLower,0,2614,20,Data,IPPROTO_UDP,0,,0.0
12873,108.3,1,N1S2616,190.0.1.1,190.0.1.4,1052,NetworkSendToLower,0,2616,20,Data,IPPROTO_UDP,0,,0.0
12883,108.4,1,N1S2618,190.0.1.1,190.0.1.4,1052,NetworkSendToLower,0,2618,20,Data,IPPROTO_UDP,0,,0.0
12893,108.5,1,N1S2621,190.0.1.1,190.0.1.4,1052,NetworkSendToLower,0,2621,20,Data,IPPROTO_UDP,0,,0.0
12903,108.6,1,N1S2623,190.0.1.1,190.0.1.4,1052,NetworkSendToLower,0,2623,20,Data,IPPROTO_UDP,0,,0.0
12913,108.7,1,N1S2625,190.0.1.1,190.0.1.4,1052,NetworkSendToLower,0,2625,20,Data,IPPROTO_UDP,0,,0.0
12923,108.8,1,N1S2627,190.0.1.1,190.0.1.4,1052,NetworkSendToLower,0,2627,20,Data,IPPROTO_UDP,0,,0.0
12938,108.9,1,N1S2631,190.0.1.1,190.0.1.4,1052,NetworkSendToLower,0,2631,20,Data,IPPROTO_UDP,0,,0.0
12948,109.0,1,N1S2633,190.0.1.1,190.0.1.4,1052,NetworkSendToLower,0,2633,20,Data,IPPROTO_UDP,0,,0.0
12958,109.1,1,N1S2635,190.0.1.1,190.0.1.4,1052,NetworkSendToLower,0,2635,20,Data,IPPROTO_UDP,0,,0.0
12968,109.2,1,N1S2637,190.0.1.1,190.0.1.4,1052,NetworkSendToLower,0,2637,20,Data,IPPROTO_UDP,0,,0.0
12978,109.3,1,N1S2639,190.0.1.1,190.0.1.4,1052,NetworkSendToLower,0,2639,20,Data,IPPROTO_UDP,0,,0.0
12988,109.4,1,N1S2641,190.0.1.1,190.0.1.4,1052,NetworkSendToLower,0,2641,20,Data,IPPROTO_UDP,0,,0.0
12998,109.5,1,N1S2643,190.0.1.1,190.0.1.4,1052,NetworkSendToLower,0,2643,20,Data,IPPROTO_UDP,0,,0.0
13008,109.6,1,N1S2645,190.0.1.1,190.0.1.4,1052,NetworkSendToLower,0,2645,20,Data,IPPROTO_UDP,0,,0.0
13018,109.7,1,N1S2647,190.0.1.1,190.0.1.4,1052,NetworkSendToLower,0,2647,20,Data,IPPROTO_UDP,0,,0.0
13028,109.8,1,N1S2649,190.0.1.1,190.0.1.4,1052,NetworkSendToLower,0,2649,20,Data,IPPROTO_UDP,0,,0.0
13038,109.9,1,N1S2653,190.0.1.1,190.0.1.4,1052,NetworkSendToLower,0,2653,20,Data,IPPROTO_UDP,0,,0.0
13048,110.0,1,N1S2655,190.0.1.1,190.0.1.4,1052,NetworkSendToLower,0,2655,20,Data,IPPROTO_UDP,0,,0.0
13064,110.069566447,1,N1S2657,190.0.1.1,255.255.255.255,56,NetworkSendToLower,0,2657,20,Data,IPPROTO_UDP,192,,0.0
13068,110.1,1,N1S2658,190.0.1.1,190.0.1.4,1052,NetworkSendToLower,0,2658,20,Data,IPPROTO_UDP,0,,0.0
13088,110.2,1,N1S2660,190.0.1.1,190.0.1.4,1052,NetworkSendToLower,0,2660,20,Data,IPPROTO_UDP,0,,0.0
13110,110.3,1,N1S2662,190.0.1.1,190.0.1.4,1052,NetworkSendToLower,0,2662,20,Data,IPPROTO_UDP,0,,0.0
13126,110.4,1,N1S2664,190.0.1.1,190.0.1.4,1052,NetworkSendToLower,0,2664,20,Data,IPPROTO_UDP,0,,0.0
13142,110.5,1,N1S2666,190.0.1.1,190.0.1.4,1052,NetworkSendToLower,0,2666,20,Data,IPPROTO_UDP,0,,0.0
13152,110.6,1,N1S2668,190.0.1.1,190.0.1.4,1052,NetworkSendToLower,0,2668,20,Data,IPPROTO_UDP,0,,0.0
13162,110.7,1,N1S2670,190.0.1.1,190.0.1.4,1052,NetworkSendToLower,0,2670,20,Data,IPPROTO_UDP,0,,0.0
13172,110.8,1,N1S2672,190.0.1.1,190.0.1.4,1052,NetworkSendToLower,0,2672,20,Data,IPPROTO_UDP,0,,0.0
13182,110.9,1,N1S2674,190.0.1.1,190.0.1.4,1052,NetworkSendToLower,0,2674,20,Data,IPPROTO_UDP,0,,0.0
13192,111.0,1,N1S2676,190.0.1.1,190.0.1.4,1052,NetworkSendToLower,0,2676,20,Data,IPPROTO_UDP,0,,0.0
13202,111.1,1,N1S2678,190.0.1.1,190.0.1.4,1052,NetworkSendToLower,0,2678,20,Data,IPPROTO_UDP,0,,0.0
13212,111.2,1,N1S2680,190.0.1.1,190.0.1.4,1052,NetworkSendToLower,0,2680,20,Data,IPPROTO_UDP,0,,0.0
13227,111.3,1,N1S2684,190.0.1.1,190.0.1.4,1052,NetworkSendToLower,0,2684,20,Data,IPPROTO_UDP,0,,0.0
13237,111.4,1,N1S2686,190.0.1.1,190.0.1.4,1052,NetworkSendToLower,0,2686,20,Data,IPPROTO_UDP,0,,0.0
13247,111.5,1,N1S2688,190.0.1.1,190.0.1.4,1052,NetworkSendToLower,0,2688,20,Data,IPPROTO_UDP,0,,0.0
13257,111.6,1,N1S2690,190.0.1.1,190.0.1.4,1052,NetworkSendToLower,0,2690,20,Data,IPPROTO_UDP,0,,0.0
13267,111.7,1,N1S2692,190.0.1.1,190.0.1.4,1052,NetworkSendToLower,0,2692,20,Data,IPPROTO_UDP,0,,0.0
13277,111.8,1,N1S2694,190.0.1.1,190.0.1.4,1052,NetworkSendToLower,0,2694,20,Data,IPPROTO_UDP,0,,0.0
13287,111.9,1,N1S2696,190.0.1.1,190.0.1.4,1052,NetworkSendToLower,0,2696,20,Data,IPPROTO_UDP,0,,0.0
13297,112.0,1,N1S2698,190.0.1.1,190.0.1.4,1052,NetworkSendToLower,0,2698,20,Data,IPPROTO_UDP,0,,0.0
13319,112.1,1,N1S2701,190.0.1.1,190.0.1.4,1052,NetworkSendToLower,0,2701,20,Data,IPPROTO_UDP,0,,0.0
13331,112.122443724,1,N1S2700,190.0.1.1,255.255.255.255,56,NetworkSendToLower,0,2700,20,Data,IPPROTO_UDP,192,,0.0
13335,112.2,1,N1S2703,190.0.1.1,190.0.1.4,1052,NetworkSendToLower,0,2703,20,Data,IPPROTO_UDP,0,,0.0
13345,112.3,1,N1S2705,190.0.1.1,190.0.1.4,1052,NetworkSendToLower,0,2705,20,Data,IPPROTO_UDP,0,,0.0
13355,112.4,1,N1S2707,190.0.1.1,190.0.1.4,1052,NetworkSendToLower,0,2707,20,Data,IPPROTO_UDP,0,,0.0
13365,112.5,1,N1S2709,190.0.1.1,190.0.1.4,1052,NetworkSendToLower,0,2709,20,Data,IPPROTO_UDP,0,,0.0
13375,112.6,1,N1S2711,190.0.1.1,190.0.1.4,1052,NetworkSendToLower,0,2711,20,Data,IPPROTO_UDP,0,,0.0
13385,112.7,1,N1S2713,190.0.1.1,190.0.1.4,1052,NetworkSendToLower,0,2713,20,Data,IPPROTO_UDP,0,,0.0
13395,112.8,1,N1S2715,190.0.1.1,190.0.1.4,1052,NetworkSendToLower,0,2715,20,Data,IPPROTO_UDP,0,,0.0
13405,112.9,1,N1S2717,190.0.1.1,190.0.1.4,1052,NetworkSendToLower,0,2717,20,Data,IPPROTO_UDP,0,,0.0
13415,113.0,1,N1S2719,190.0.1.1,190.0.1.4,1052,NetworkSendToLower,0,2719,20,Data,IPPROTO_UDP,0,,0.0
13425,113.1,1,N1S2721,190.0.1.1,190.0.1.4,1052,NetworkSendToLower,0,2721,20,Data,IPPROTO_UDP,0,,0.0
13435,113.2,1,N1S2723,190.0.1.1,190.0.1.4,1052,NetworkSendToLower,0,2723,20,Data,IPPROTO_UDP,0,,0.0
13445,113.3,1,N1S2725,190.0.1.1,190.0.1.4,1052,NetworkSendToLower,0,2725,20,Data,IPPROTO_UDP,0,,0.0
13455,113.4,1,N1S2727,190.0.1.1,190.0.1.4,1052,NetworkSendToLower,0,2727,20,Data,IPPROTO_UDP,0,,0.0
13465,113.5,1,N1S2729,190.0.1.1,190.0.1.4,1052,NetworkSendToLower,0,2729,20,Data,IPPROTO_UDP,0,,0.0
13475,113.6,1,N1S2731,190.0.1.1,190.0.1.4,1052,NetworkSendToLower,0,2731,20,Data,IPPROTO_UDP,0,,0.0
13485,113.7,1,N1S2733,190.0.1.1,190.0.1.4,1052,NetworkSendToLower,0,2733,20,Data,IPPROTO_UDP,0,,0.0
13495,113.8,1,N1S2735,190.0.1.1,190.0.1.4,1052,NetworkSendToLower,0,2735,20,Data,IPPROTO_UDP,0,,0.0
13505,113.9,1,N1S2737,190.0.1.1,190.0.1.4,1052,NetworkSendToLower,0,2737,20,Data,IPPROTO_UDP,0,,0.0
13515,114.0,1,N1S2739,190.0.1.1,190.0.1.4,1052,NetworkSendToLower,0,2739,20,Data,IPPROTO_UDP,0,,0.0
13531,114.1,1,N1S2742,190.0.1.1,190.0.1.4,1052,NetworkSendToLower,0,2742,20,Data,IPPROTO_UDP,0,,0.0
13549,114.134581756,1,N1S2741,190.0.1.1,255.255.255.255,56,NetworkSendToLower,0,2741,20,Data,IPPROTO_UDP,192,,0.0
13553,114.2,1,N1S2744,190.0.1.1,190.0.1.4,1052,NetworkSendToLower,0,2744,20,Data,IPPROTO_UDP,0,,0.0
13563,114.3,1,N1S2746,190.0.1.1,190.0.1.4,1052,NetworkSendToLower,0,2746,20,Data,IPPROTO_UDP,0,,0.0
13573,114.4,1,N1S2748,190.0.1.1,190.0.1.4,1052,NetworkSendToLower,0,2748,20,Data,IPPROTO_UDP,0,,0.0
13583,114.5,1,N1S2750,190.0.1.1,190.0.1.4,1052,NetworkSendToLower,0,2750,20,Data,IPPROTO_UDP,0,,0.0
13593,114.6,1,N1S2752,190.0.1.1,190.0.1.4,1052,NetworkSendToLower,0,2752,20,Data,IPPROTO_UDP,0,,0.0
13603,114.7,1,N1S2754,190.0.1.1,190.0.1.4,1052,NetworkSendToLower,0,2754,20,Data,IPPROTO_UDP,0,,0.0
13613,114.8,1,N1S2756,190.0.1.1,190.0.1.4,1052,NetworkSendToLower,0,2756,20,Data,IPPROTO_UDP,0,,0.0
13623,114.9,1,N1S2758,190.0.1.1,190.0.1.4,1052,NetworkSendToLower,0,2758,20,Data,IPPROTO_UDP,0,,0.0
13633,115.0,1,N1S2760,190.0.1.1,190.0.1.4,1052,NetworkSendToLower,0,2760,20,Data,IPPROTO_UDP,0,,0.0
13649,115.1,1,N1S2762,190.0.1.1,190.0.1.4,1052,NetworkSendToLower,0,2762,20,Data,IPPROTO_UDP,0,,0.0
13659,115.2,1,N1S2764,190.0.1.1,190.0.1.4,1052,NetworkSendToLower,0,2764,20,Data,IPPROTO_UDP,0,,0.0
13669,115.3,1,N1S2766,190.0.1.1,190.0.1.4,1052,NetworkSendToLower,0,2766,20,Data,IPPROTO_UDP,0,,0.0
13691,115.4,1,N1S2768,190.0.1.1,190.0.1.4,1052,NetworkSendToLower,0,2768,20,Data,IPPROTO_UDP,0,,0.0
13701,115.5,1,N1S2772,190.0.1.1,190.0.1.4,1052,NetworkSendToLower,0,2772,20,Data,IPPROTO_UDP,0,,0.0
13711,115.6,1,N1S2774,190.0.1.1,190.0.1.4,1052,NetworkSendToLower,0,2774,20,Data,IPPROTO_UDP,0,,0.0
13721,115.7,1,N1S2776,190.0.1.1,190.0.1.4,1052,NetworkSendToLower,0,2776,20,Data,IPPROTO_UDP,0,,0.0
13737,115.8,1,N1S2778,190.0.1.1,190.0.1.4,1052,NetworkSendToLower,0,2778,20,Data,IPPROTO_UDP,0,,0.0
13747,115.9,1,N1S2780,190.0.1.1,190.0.1.4,1052,NetworkSendToLower,0,2780,20,Data,IPPROTO_UDP,0,,0.0
13757,116.0,1,N1S2782,190.0.1.1,190.0.1.4,1052,NetworkSendToLower,0,2782,20,Data,IPPROTO_UDP,0,,0.0
13773,116.1,1,N1S2785,190.0.1.1,190.0.1.4,1052,NetworkSendToLower,0,2785,20,Data,IPPROTO_UDP,0,,0.0
13793,116.146085643,1,N1S2784,190.0.1.1,255.255.255.255,56,NetworkSendToLower,0,2784,20,Data,IPPROTO_UDP,192,,0.0
13797,116.2,1,N1S2787,190.0.1.1,190.0.1.4,1052,NetworkSendToLower,0,2787,20,Data,IPPROTO_UDP,0,,0.0
13807,116.3,1,N1S2789,190.0.1.1,190.0.1.4,1052,NetworkSendToLower,0,2789,20,Data,IPPROTO_UDP,0,,0.0
13817,116.4,1,N1S2791,190.0.1.1,190.0.1.4,1052,NetworkSendToLower,0,2791,20,Data,IPPROTO_UDP,0,,0.0
13827,116.5,1,N1S2793,190.0.1.1,190.0.1.4,1052,NetworkSendToLower,0,2793,20,Data,IPPROTO_UDP,0,,0.0
13837,116.6,1,N1S2795,190.0.1.1,190.0.1.4,1052,NetworkSendToLower,0,2795,20,Data,IPPROTO_UDP,0,,0.0
13847,116.7,1,N1S2797,190.0.1.1,190.0.1.4,1052,NetworkSendToLower,0,2797,20,Data,IPPROTO_UDP,0,,0.0
13857,116.8,1,N1S2799,190.0.1.1,190.0.1.4,1052,NetworkSendToLower,0,2799,20,Data,IPPROTO_UDP,0,,0.0
13867,116.9,1,N1S2801,190.0.1.1,190.0.1.4,1052,NetworkSendToLower,0,2801,20,Data,IPPROTO_UDP,0,,0.0
13877,117.0,1,N1S2803,190.0.1.1,190.0.1.4,1052,NetworkSendToLower,0,2803,20,Data,IPPROTO_UDP,0,,0.0
13887,117.1,1,N1S2805,190.0.1.1,190.0.1.4,1052,NetworkSendToLower,0,2805,20,Data,IPPROTO_UDP,0,,0.0
13897,117.2,1,N1S2807,190.0.1.1,190.0.1.4,1052,NetworkSendToLower,0,2807,20,Data,IPPROTO_UDP,0,,0.0
13907,117.3,1,N1S2809,190.0.1.1,190.0.1.4,1052,NetworkSendToLower,0,2809,20,Data,IPPROTO_UDP,0,,0.0
13917,117.4,1,N1S2811,190.0.1.1,190.0.1.4,1052,NetworkSendToLower,0,2811,20,Data,IPPROTO_UDP,0,,0.0
13927,117.5,1,N1S2813,190.0.1.1,190.0.1.4,1052,NetworkSendToLower,0,2813,20,Data,IPPROTO_UDP,0,,0.0
13937,117.6,1,N1S2815,190.0.1.1,190.0.1.4,1052,NetworkSendToLower,0,2815,20,Data,IPPROTO_UDP,0,,0.0
13947,117.7,1,N1S2817,190.0.1.1,190.0.1.4,1052,NetworkSendToLower,0,2817,20,Data,IPPROTO_UDP,0,,0.0
13957,117.8,1,N1S2819,190.0.1.1,190.0.1.4,1052,NetworkSendToLower,0,2819,20,Data,IPPROTO_UDP,0,,0.0
13967,117.9,1,N1S2821,190.0.1.1,190.0.1.4,1052,NetworkSendToLower,0,2821,20,Data,IPPROTO_UDP,0,,0.0
13977,118.0,1,N1S2823,190.0.1.1,190.0.1.4,1052,NetworkSendToLower,0,2823,20,Data,IPPROTO_UDP,0,,0.0
13993,118.1,1,N1S2826,190.0.1.1,190.0.1.4,1052,NetworkSendToLower,0,2826,20,Data,IPPROTO_UDP,0,,0.0
14001,118.116770387,1,N1S2825,190.0.1.1,255.255.255.255,56,NetworkSendToLower,0,2825,20,Data,IPPROTO_UDP,192,,0.0
14015,118.2,1,N1S2828,190.0.1.1,190.0.1.4,1052,NetworkSendToLower,0,2828,20,Data,IPPROTO_UDP,0,,0.0
14025,118.3,1,N1S2830,190.0.1.1,190.0.1.4,1052,NetworkSendToLower,0,2830,20,Data,IPPROTO_UDP,0,,0.0
14035,118.4,1,N1S2832,190.0.1.1,190.0.1.4,1052,NetworkSendToLower,0,2832,20,Data,IPPROTO_UDP,0,,0.0
14045,118.5,1,N1S2834,190.0.1.1,190.0.1.4,1052,NetworkSendToLower,0,2834,20,Data,IPPROTO_UDP,0,,0.0
14055,118.6,1,N1S2836,190.0.1.1,190.0.1.4,1052,NetworkSendToLower,0,2836,20,Data,IPPROTO_UDP,0,,0.0
14065,118.7,1,N1S2838,190.0.1.1,190.0.1.4,1052,NetworkSendToLower,0,2838,20,Data,IPPROTO_UDP,0,,0.0
14075,118.8,1,N1S2840,190.0.1.1,190.0.1.4,1052,NetworkSendToLower,0,2840,20,Data,IPPROTO_UDP,0,,0.0
14085,118.9,1,N1S2842,190.0.1.1,190.0.1.4,1052,NetworkSendToLower,0,2842,20,Data,IPPROTO_UDP,0,,0.0
14095,119.0,1,N1S2844,190.0.1.1,190.0.1.4,1052,NetworkSendToLower,0,2844,20,Data,IPPROTO_UDP,0,,0.0
14105,119.1,1,N1S2846,190.0.1.1,190.0.1.4,1052,NetworkSendToLower,0,2846,20,Data,IPPROTO_UDP,0,,0.0
14115,119.2,1,N1S2848,190.0.1.1,190.0.1.4,1052,NetworkSendToLower,0,2848,20,Data,IPPROTO_UDP,0,,0.0
14125,119.3,1,N1S2850,190.0.1.1,190.0.1.4,1052,NetworkSendToLower,0,2850,20,Data,IPPROTO_UDP,0,,0.0
14135,119.4,1,N1S2852,190.0.1.1,190.0.1.4,1052,NetworkSendToLower,0,2852,20,Data,IPPROTO_UDP,0,,0.0
14145,119.5,1,N1S2854,190.0.1.1,190.0.1.4,1052,NetworkSendToLower,0,2854,20,Data,IPPROTO_UDP,0,,0.0
14155,119.6,1,N1S2856,190.0.1.1,190.0.1.4,1052,NetworkSendToLower,0,2856,20,Data,IPPROTO_UDP,0,,0.0
14165,119.7,1,N1S2858,190.0.1.1,190.0.1.4,1052,NetworkSendToLower,0,2858,20,Data,IPPROTO_UDP,0,,0.0
14175,119.8,1,N1S2860,190.0.1.1,190.0.1.4,1052,NetworkSendToLower,0,2860,20,Data,IPPROTO_UDP,0,,0.0
14185,119.9,1,N1S2862,190.0.1.1,190.0.1.4,1052,NetworkSendToLower,0,2862,20,Data,IPPROTO_UDP,0,,0.0
14195,120.0,1,N1S2864,190.0.1.1,190.0.1.4,1052,NetworkSendToLower,0,2864,20,Data,IPPROTO_UDP,0,,0.0
14211,120.084535837,1,N1S2866,190.0.1.1,255.255.255.255,56,NetworkSendToLower,0,2866,20,Data,IPPROTO_UDP,192,,0.0
14215,120.1,1,N1S2867,190.0.1.1,190.0.1.4,1052,NetworkSendToLower,0,2867,20,Data,IPPROTO_UDP,0,,0.0
14235,120.2,1,N1S2869,190.0.1.1,190.0.1.4,1052,NetworkSendToLower,0,2869,20,Data,IPPROTO_UDP,0,,0.0
14257,120.3,1,N1S2871,190.0.1.1,190.0.1.4,1052,NetworkSendToLower,0,2871,20,Data,IPPROTO_UDP,0,,0.0
14267,120.4,1,N1S2873,190.0.1.1,190.0.1.4,1052,NetworkSendToLower,0,2873,20,Data,IPPROTO_UDP,0,,0.0
14283,120.5,1,N1S2875,190.0.1.1,190.0.1.4,1052,NetworkSendToLower,0,2875,20,Data,IPPROTO_UDP,0,,0.0
14299,120.6,1,N1S2878,190.0.1.1,190.0.1.4,1052,NetworkSendToLower,0,2878,20,Data,IPPROTO_UDP,0,,0.0
14309,120.7,1,N1S2880,190.0.1.1,190.0.1.4,1052,NetworkSendToLower,0,2880,20,Data,IPPROTO_UDP,0,,0.0
14319,120.8,1,N1S2882,190.0.1.1,190.0.1.4,1052,NetworkSendToLower,0,2882,20,Data,IPPROTO_UDP,0,,0.0
14329,120.9,1,N1S2884,190.0.1.1,190.0.1.4,1052,NetworkSendToLower,0,2884,20,Data,IPPROTO_UDP,0,,0.0
14339,121.0,1,N1S2886,190.0.1.1,190.0.1.4,1052,NetworkSendToLower,0,2886,20,Data,IPPROTO_UDP,0,,0.0
14349,121.1,1,N1S2888,190.0.1.1,190.0.1.4,1052,NetworkSendToLower,0,2888,20,Data,IPPROTO_UDP,0,,0.0
14359,121.2,1,N1S2890,190.0.1.1,190.0.1.4,1052,NetworkSendToLower,0,2890,20,Data,IPPROTO_UDP,0,,0.0
14369,121.3,1,N1S2892,190.0.1.1,190.0.1.4,1052,NetworkSendToLower,0,2892,20,Data,IPPROTO_UDP,0,,0.0
14379,121.4,1,N1S2894,190.0.1.1,190.0.1.4,1052,NetworkSendToLower,0,2894,20,Data,IPPROTO_UDP,0,,0.0
14389,121.5,1,N1S2896,190.0.1.1,190.0.1.4,1052,NetworkSendToLower,0,2896,20,Data,IPPROTO_UDP,0,,0.0
14399,121.6,1,N1S2898,190.0.1.1,190.0.1.4,1052,NetworkSendToLower,0,2898,20,Data,IPPROTO_UDP,0,,0.0
14409,121.7,1,N1S2900,190.0.1.1,190.0.1.4,1052,NetworkSendToLower,0,2900,20,Data,IPPROTO_UDP,0,,0.0
14419,121.8,1,N1S2902,190.0.1.1,190.0.1.4,1052,NetworkSendToLower,0,2902,20,Data,IPPROTO_UDP,0,,0.0
14429,121.9,1,N1S2904,190.0.1.1,190.0.1.4,1052,NetworkSendToLower,0,2904,20,Data,IPPROTO_UDP,0,,0.0
14439,122.0,1,N1S2906,190.0.1.1,190.0.1.4,1052,NetworkSendToLower,0,2906,20,Data,IPPROTO_UDP,0,,0.0
14461,122.1,1,N1S2909,190.0.1.1,190.0.1.4,1052,NetworkSendToLower,0,2909,20,Data,IPPROTO_UDP,0,,0.0
14466,122.107631041,1,N1S2908,190.0.1.1,255.255.255.255,56,NetworkSendToLower,0,2908,20,Data,IPPROTO_UDP,192,,0.0
14477,122.2,1,N1S2911,190.0.1.1,190.0.1.4,1052,NetworkSendToLower,0,2911,20,Data,IPPROTO_UDP,0,,0.0
14487,122.3,1,N1S2913,190.0.1.1,190.0.1.4,1052,NetworkSendToLower,0,2913,20,Data,IPPROTO_UDP,0,,0.0
14497,122.4,1,N1S2915,190.0.1.1,190.0.1.4,1052,NetworkSendToLower,0,2915,20,Data,IPPROTO_UDP,0,,0.0
14507,122.5,1,N1S2917,190.0.1.1,190.0.1.4,1052,NetworkSendToLower,0,2917,20,Data,IPPROTO_UDP,0,,0.0
14517,122.6,1,N1S2919,190.0.1.1,190.0.1.4,1052,NetworkSendToLower,0,2919,20,Data,IPPROTO_UDP,0,,0.0
14527,122.7,1,N1S2921,190.0.1.1,190.0.1.4,1052,NetworkSendToLower,0,2921,20,Data,IPPROTO_UDP,0,,0.0
14537,122.8,1,N1S2923,190.0.1.1,190.0.1.4,1052,NetworkSendToLower,0,2923,20,Data,IPPROTO_UDP,0,,0.0
14547,122.9,1,N1S2925,190.0.1.1,190.0.1.4,1052,NetworkSendToLower,0,2925,20,Data,IPPROTO_UDP,0,,0.0
14557,123.0,1,N1S2928,190.0.1.1,190.0.1.4,1052,NetworkSendToLower,0,2928,20,Data,IPPROTO_UDP,0,,0.0
14567,123.1,1,N1S2930,190.0.1.1,190.0.1.4,1052,NetworkSendToLower,0,2930,20,Data,IPPROTO_UDP,0,,0.0
14577,123.2,1,N1S2932,190.0.1.1,190.0.1.4,1052,NetworkSendToLower,0,2932,20,Data,IPPROTO_UDP,0,,0.0
14587,123.3,1,N1S2934,190.0.1.1,190.0.1.4,1052,NetworkSendToLower,0,2934,20,Data,IPPROTO_UDP,0,,0.0
14597,123.4,1,N1S2936,190.0.1.1,190.0.1.4,1052,NetworkSendToLower,0,2936,20,Data,IPPROTO_UDP,0,,0.0
14607,123.5,1,N1S2938,190.0.1.1,190.0.1.4,1052,NetworkSendToLower,0,2938,20,Data,IPPROTO_UDP,0,,0.0
14617,123.6,1,N1S2940,190.0.1.1,190.0.1.4,1052,NetworkSendToLower,0,2940,20,Data,IPPROTO_UDP,0,,0.0
14627,123.7,1,N1S2942,190.0.1.1,190.0.1.4,1052,NetworkSendToLower,0,2942,20,Data,IPPROTO_UDP,0,,0.0
14637,123.8,1,N1S2944,190.0.1.1,190.0.1.4,1052,NetworkSendToLower,0,2944,20,Data,IPPROTO_UDP,0,,0.0
14647,123.9,1,N1S2946,190.0.1.1,190.0.1.4,1052,NetworkSendToLower,0,2946,20,Data,IPPROTO_UDP,0,,0.0
14657,124.0,1,N1S2948,190.0.1.1,190.0.1.4,1052,NetworkSendToLower,0,2948,20,Data,IPPROTO_UDP,0,,0.0
14671,124.1,1,N1S2951,190.0.1.1,190.0.1.4,1052,NetworkSendToLower,0,2951,20,Data,IPPROTO_UDP,0,,0.0
14682,124.112008128,1,N1S2950,190.0.1.1,255.255.255.255,56,NetworkSendToLower,0,2950,20,Data,IPPROTO_UDP,192,,0.0
14695,124.2,1,N1S2953,190.0.1.1,190.0.1.4,1052,NetworkSendToLower,0,2953,20,Data,IPPROTO_UDP,0,,0.0
14705,124.3,1,N1S2955,190.0.1.1,190.0.1.4,1052,NetworkSendToLower,0,2955,20,Data,IPPROTO_UDP,0,,0.0
14715,124.4,1,N1S2957,190.0.1.1,190.0.1.4,1052,NetworkSendToLower,0,2957,20,Data,IPPROTO_UDP,0,,0.0
14725,124.5,1,N1S2959,190.0.1.1,190.0.1.4,1052,NetworkSendToLower,0,2959,20,Data,IPPROTO_UDP,0,,0.0
14735,124.6,1,N1S2961,190.0.1.1,190.0.1.4,1052,NetworkSendToLower,0,2961,20,Data,IPPROTO_UDP,0,,0.0
14745,124.7,1,N1S2963,190.0.1.1,190.0.1.4,1052,NetworkSendToLower,0,2963,20,Data,IPPROTO_UDP,0,,0.0
14755,124.8,1,N1S2965,190.0.1.1,190.0.1.4,1052,NetworkSendToLower,0,2965,20,Data,IPPROTO_UDP,0,,0.0
14765,124.9,1,N1S2967,190.0.1.1,190.0.1.4,1052,NetworkSendToLower,0,2967,20,Data,IPPROTO_UDP,0,,0.0
14775,125.0,1,N1S2969,190.0.1.1,190.0.1.4,1052,NetworkSendToLower,0,2969,20,Data,IPPROTO_UDP,0,,0.0
14785,125.1,1,N1S2971,190.0.1.1,190.0.1.4,1052,NetworkSendToLower,0,2971,20,Data,IPPROTO_UDP,0,,0.0
14795,125.2,1,N1S2973,190.0.1.1,190.0.1.4,1052,NetworkSendToLower,0,2973,20,Data,IPPROTO_UDP,0,,0.0
14811,125.3,1,N1S2975,190.0.1.1,190.0.1.4,1052,NetworkSendToLower,0,2975,20,Data,IPPROTO_UDP,0,,0.0
14827,125.4,1,N1S2977,190.0.1.1,190.0.1.4,1052,NetworkSendToLower,0,2977,20,Data,IPPROTO_UDP,0,,0.0
14843,125.5,1,N1S2979,190.0.1.1,190.0.1.4,1052,NetworkSendToLower,0,2979,20,Data,IPPROTO_UDP,0,,0.0
14859,125.6,1,N1S2983,190.0.1.1,190.0.1.4,1052,NetworkSendToLower,0,2983,20,Data,IPPROTO_UDP,0,,0.0
14869,125.7,1,N1S2985,190.0.1.1,190.0.1.4,1052,NetworkSendToLower,0,2985,20,Data,IPPROTO_UDP,0,,0.0
14879,125.8,1,N1S2987,190.0.1.1,190.0.1.4,1052,NetworkSendToLower,0,2987,20,Data,IPPROTO_UDP,0,,0.0
14889,125.9,1,N1S2989,190.0.1.1,190.0.1.4,1052,NetworkSendToLower,0,2989,20,Data,IPPROTO_UDP,0,,0.0
14899,126.0,1,N1S2991,190.0.1.1,190.0.1.4,1052,NetworkSendToLower,0,2991,20,Data,IPPROTO_UDP,0,,0.0
14915,126.1,1,N1S2994,190.0.1.1,190.0.1.4,1052,NetworkSendToLower,0,2994,20,Data,IPPROTO_UDP,0,,0.0
14929,126.147589094,1,N1S2993,190.0.1.1,255.255.255.255,56,NetworkSendToLower,0,2993,20,Data,IPPROTO_UDP,192,,0.0
14939,126.2,1,N1S2996,190.0.1.1,190.0.1.4,1052,NetworkSendToLower,0,2996,20,Data,IPPROTO_UDP,0,,0.0
14949,126.3,1,N1S2998,190.0.1.1,190.0.1.4,1052,NetworkSendToLower,0,2998,20,Data,IPPROTO_UDP,0,,0.0
14959,126.4,1,N1S3000,190.0.1.1,190.0.1.4,1052,NetworkSendToLower,0,3000,20,Data,IPPROTO_UDP,0,,0.0
14969,126.5,1,N1S3002,190.0.1.1,190.0.1.4,1052,NetworkSendToLower,0,3002,20,Data,IPPROTO_UDP,0,,0.0
14979,126.6,1,N1S3004,190.0.1.1,190.0.1.4,1052,NetworkSendToLower,0,3004,20,Data,IPPROTO_UDP,0,,0.0
14989,126.7,1,N1S3006,190.0.1.1,190.0.1.4,1052,NetworkSendToLower,0,3006,20,Data,IPPROTO_UDP,0,,0.0
14999,126.8,1,N1S3008,190.0.1.1,190.0.1.4,1052,NetworkSendToLower,0,3008,20,Data,IPPROTO_UDP,0,,0.0
15009,126.9,1,N1S3010,190.0.1.1,190.0.1.4,1052,NetworkSendToLower,0,3010,20,Data,IPPROTO_UDP,0,,0.0
15019,127.0,1,N1S3012,190.0.1.1,190.0.1.4,1052,NetworkSendToLower,0,3012,20,Data,IPPROTO_UDP,0,,0.0
15029,127.1,1,N1S3014,190.0.1.1,190.0.1.4,1052,NetworkSendToLower,0,3014,20,Data,IPPROTO_UDP,0,,0.0
15039,127.2,1,N1S3016,190.0.1.1,190.0.1.4,1052,NetworkSendToLower,0,3016,20,Data,IPPROTO_UDP,0,,0.0
15049,127.3,1,N1S3018,190.0.1.1,190.0.1.4,1052,NetworkSendToLower,0,3018,20,Data,IPPROTO_UDP,0,,0.0
15059,127.4,1,N1S3020,190.0.1.1,190.0.1.4,1052,NetworkSendToLower,0,3020,20,Data,IPPROTO_UDP,0,,0.0
15069,127.5,1,N1S3022,190.0.1.1,190.0.1.4,1052,NetworkSendToLower,0,3022,20,Data,IPPROTO_UDP,0,,0.0
15079,127.6,1,N1S3024,190.0.1.1,190.0.1.4,1052,NetworkSendToLower,0,3024,20,Data,IPPROTO_UDP,0,,0.0
15089,127.7,1,N1S3026,190.0.1.1,190.0.1.4,1052,NetworkSendToLower,0,3026,20,Data,IPPROTO_UDP,0,,0.0
15104,127.8,1,N1S3030,190.0.1.1,190.0.1.4,1052,NetworkSendToLower,0,3030,20,Data,IPPROTO_UDP,0,,0.0
15114,127.9,1,N1S3032,190.0.1.1,190.0.1.4,1052,NetworkSendToLower,0,3032,20,Data,IPPROTO_UDP,0,,0.0
15124,128.0,1,N1S3034,190.0.1.1,190.0.1.4,1052,NetworkSendToLower,0,3034,20,Data,IPPROTO_UDP,0,,0.0
15150,128.1,1,N1S3037,190.0.1.1,190.0.1.4,1052,NetworkSendToLower,0,3037,20,Data,IPPROTO_UDP,0,,0.0
15160,128.151373143,1,N1S3036,190.0.1.1,255.255.255.255,56,NetworkSendToLower,0,3036,20,Data,IPPROTO_UDP,192,,0.0
15164,128.2,1,N1S3039,190.0.1.1,190.0.1.4,1052,NetworkSendToLower,0,3039,20,Data,IPPROTO_UDP,0,,0.0
15174,128.3,1,N1S3041,190.0.1.1,190.0.1.4,1052,NetworkSendToLower,0,3041,20,Data,IPPROTO_UDP,0,,0.0
15184,128.4,1,N1S3043,190.0.1.1,190.0.1.4,1052,NetworkSendToLower,0,3043,20,Data,IPPROTO_UDP,0,,0.0
15194,128.5,1,N1S3045,190.0.1.1,190.0.1.4,1052,NetworkSendToLower,0,3045,20,Data,IPPROTO_UDP,0,,0.0
15204,128.6,1,N1S3047,190.0.1.1,190.0.1.4,1052,NetworkSendToLower,0,3047,20,Data,IPPROTO_UDP,0,,0.0
15214,128.7,1,N1S3049,190.0.1.1,190.0.1.4,1052,NetworkSendToLower,0,3049,20,Data,IPPROTO_UDP,0,,0.0
15224,128.8,1,N1S3051,190.0.1.1,190.0.1.4,1052,NetworkSendToLower,0,3051,20,Data,IPPROTO_UDP,0,,0.0
15234,128.9,1,N1S3053,190.0.1.1,190.0.1.4,1052,NetworkSendToLower,0,3053,20,Data,IPPROTO_UDP,0,,0.0
15244,129.0,1,N1S3055,190.0.1.1,190.0.1.4,1052,NetworkSendToLower,0,3055,20,Data,IPPROTO_UDP,0,,0.0
15254,129.1,1,N1S3057,190.0.1.1,190.0.1.4,1052,NetworkSendToLower,0,3057,20,Data,IPPROTO_UDP,0,,0.0
15264,129.2,1,N1S3059,190.0.1.1,190.0.1.4,1052,NetworkSendToLower,0,3059,20,Data,IPPROTO_UDP,0,,0.0
15274,129.3,1,N1S3061,190.0.1.1,190.0.1.4,1052,NetworkSendToLower,0,3061,20,Data,IPPROTO_UDP,0,,0.0
15284,129.4,1,N1S3063,190.0.1.1,190.0.1.4,1052,NetworkSendToLower,0,3063,20,Data,IPPROTO_UDP,0,,0.0
15294,129.5,1,N1S3065,190.0.1.1,190.0.1.4,1052,NetworkSendToLower,0,3065,20,Data,IPPROTO_UDP,0,,0.0
15304,129.6,1,N1S3068,190.0.1.1,190.0.1.4,1052,NetworkSendToLower,0,3068,20,Data,IPPROTO_UDP,0,,0.0
15314,129.7,1,N1S3070,190.0.1.1,190.0.1.4,1052,NetworkSendToLower,0,3070,20,Data,IPPROTO_UDP,0,,0.0
15324,129.8,1,N1S3072,190.0.1.1,190.0.1.4,1052,NetworkSendToLower,0,3072,20,Data,IPPROTO_UDP,0,,0.0
15334,129.9,1,N1S3074,190.0.1.1,190.0.1.4,1052,NetworkSendToLower,0,3074,20,Data,IPPROTO_UDP,0,,0.0
15344,130.0,1,N1S3076,190.0.1.1,190.0.1.4,1052,NetworkSendToLower,0,3076,20,Data,IPPROTO_UDP,0,,0.0
15362,130.1,1,N1S3079,190.0.1.1,190.0.1.4,1052,NetworkSendToLower,0,3079,20,Data,IPPROTO_UDP,0,,0.0
15378,130.143671902,1,N1S3078,190.0.1.1,255.255.255.255,56,NetworkSendToLower,0,3078,20,Data,IPPROTO_UDP,192,,0.0
15382,130.2,1,N1S3081,190.0.1.1,190.0.1.4,1052,NetworkSendToLower,0,3081,20,Data,IPPROTO_UDP,0,,0.0
15392,130.3,1,N1S3083,190.0.1.1,190.0.1.4,1052,NetworkSendToLower,0,3083,20,Data,IPPROTO_UDP,0,,0.0
15408,130.4,1,N1S3085,190.0.1.1,190.0.1.4,1052,NetworkSendToLower,0,3085,20,Data,IPPROTO_UDP,0,,0.0
15424,130.5,1,N1S3087,190.0.1.1,190.0.1.4,1052,NetworkSendToLower,0,3087,20,Data,IPPROTO_UDP,0,,0.0
15434,130.6,1,N1S3089,190.0.1.1,190.0.1.4,1052,NetworkSendToLower,0,3089,20,Data,IPPROTO_UDP,0,,0.0
15444,130.7,1,N1S3091,190.0.1.1,190.0.1.4,1052,NetworkSendToLower,0,3091,20,Data,IPPROTO_UDP,0,,0.0
15460,130.8,1,N1S3093,190.0.1.1,190.0.1.4,1052,NetworkSendToLower,0,3093,20,Data,IPPROTO_UDP,0,,0.0
15476,130.9,1,N1S3095,190.0.1.1,190.0.1.4,1052,NetworkSendToLower,0,3095,20,Data,IPPROTO_UDP,0,,0.0
15486,131.0,1,N1S3097,190.0.1.1,190.0.1.4,1052,NetworkSendToLower,0,3097,20,Data,IPPROTO_UDP,0,,0.0
15496,131.1,1,N1S3099,190.0.1.1,190.0.1.4,1052,NetworkSendToLower,0,3099,20,Data,IPPROTO_UDP,0,,0.0
15506,131.2,1,N1S3102,190.0.1.1,190.0.1.4,1052,NetworkSendToLower,0,3102,20,Data,IPPROTO_UDP,0,,0.0
15516,131.3,1,N1S3104,190.0.1.1,190.0.1.4,1052,NetworkSendToLower,0,3104,20,Data,IPPROTO_UDP,0,,0.0
15526,131.4,1,N1S3106,190.0.1.1,190.0.1.4,1052,NetworkSendToLower,0,3106,20,Data,IPPROTO_UDP,0,,0.0
15536,131.5,1,N1S3108,190.0.1.1,190.0.1.4,1052,NetworkSendToLower,0,3108,20,Data,IPPROTO_UDP,0,,0.0
15546,131.6,1,N1S3110,190.0.1.1,190.0.1.4,1052,NetworkSendToLower,0,3110,20,Data,IPPROTO_UDP,0,,0.0
15556,131.7,1,N1S3112,190.0.1.1,190.0.1.4,1052,NetworkSendToLower,0,3112,20,Data,IPPROTO_UDP,0,,0.0
15566,131.8,1,N1S3114,190.0.1.1,190.0.1.4,1052,NetworkSendToLower,0,3114,20,Data,IPPROTO_UDP,0,,0.0
15576,131.9,1,N1S3116,190.0.1.1,190.0.1.4,1052,NetworkSendToLower,0,3116,20,Data,IPPROTO_UDP,0,,0.0
15586,132.0,1,N1S3118,190.0.1.1,190.0.1.4,1052,NetworkSendToLower,0,3118,20,Data,IPPROTO_UDP,0,,0.0
15610,132.1,1,N1S3121,190.0.1.1,190.0.1.4,1052,NetworkSendToLower,0,3121,20,Data,IPPROTO_UDP,0,,0.0
15622,132.139172896,1,N1S3120,190.0.1.1,255.255.255.255,56,NetworkSendToLower,0,3120,20,Data,IPPROTO_UDP,192,,0.0
15626,132.2,1,N1S3123,190.0.1.1,190.0.1.4,1052,NetworkSendToLower,0,3123,20,Data,IPPROTO_UDP,0,,0.0
15636,132.3,1,N1S3125,190.0.1.1,190.0.1.4,1052,NetworkSendToLower,0,3125,20,Data,IPPROTO_UDP,0,,0.0
15646,132.4,1,N1S3127,190.0.1.1,190.0.1.4,1052,NetworkSendToLower,0,3127,20,Data,IPPROTO_UDP,0,,0.0
15656,132.5,1,N1S3129,190.0.1.1,190.0.1.4,1052,NetworkSendToLower,0,3129,20,Data,IPPROTO_UDP,0,,0.0
15666,132.6,1,N1S3131,190.0.1.1,190.0.1.4,1052,NetworkSendToLower,0,3131,20,Data,IPPROTO_UDP,0,,0.0
15676,132.7,1,N1S3133,190.0.1.1,190.0.1.4,1052,NetworkSendToLower,0,3133,20,Data,IPPROTO_UDP,0,,0.0
15686,132.8,1,N1S3135,190.0.1.1,190.0.1.4,1052,NetworkSendToLower,0,3135,20,Data,IPPROTO_UDP,0,,0.0
15696,132.9,1,N1S3138,190.0.1.1,190.0.1.4,1052,NetworkSendToLower,0,3138,20,Data,IPPROTO_UDP,0,,0.0
15706,133.0,1,N1S3140,190.0.1.1,190.0.1.4,1052,NetworkSendToLower,0,3140,20,Data,IPPROTO_UDP,0,,0.0
15716,133.1,1,N1S3143,190.0.1.1,190.0.1.4,1052,NetworkSendToLower,0,3143,20,Data,IPPROTO_UDP,0,,0.0
15726,133.2,1,N1S3145,190.0.1.1,190.0.1.4,1052,NetworkSendToLower,0,3145,20,Data,IPPROTO_UDP,0,,0.0
15736,133.3,1,N1S3147,190.0.1.1,190.0.1.4,1052,NetworkSendToLower,0,3147,20,Data,IPPROTO_UDP,0,,0.0
15746,133.4,1,N1S3149,190.0.1.1,190.0.1.4,1052,NetworkSendToLower,0,3149,20,Data,IPPROTO_UDP,0,,0.0
15756,133.5,1,N1S3151,190.0.1.1,190.0.1.4,1052,NetworkSendToLower,0,3151,20,Data,IPPROTO_UDP,0,,0.0
15766,133.6,1,N1S3153,190.0.1.1,190.0.1.4,1052,NetworkSendToLower,0,3153,20,Data,IPPROTO_UDP,0,,0.0
15776,133.7,1,N1S3155,190.0.1.1,190.0.1.4,1052,NetworkSendToLower,0,3155,20,Data,IPPROTO_UDP,0,,0.0
15786,133.8,1,N1S3157,190.0.1.1,190.0.1.4,1052,NetworkSendToLower,0,3157,20,Data,IPPROTO_UDP,0,,0.0
15796,133.9,1,N1S3159,190.0.1.1,190.0.1.4,1052,NetworkSendToLower,0,3159,20,Data,IPPROTO_UDP,0,,0.0
15806,134.0,1,N1S3161,190.0.1.1,190.0.1.4,1052,NetworkSendToLower,0,3161,20,Data,IPPROTO_UDP,0,,0.0
15822,134.1,1,N1S3164,190.0.1.1,190.0.1.4,1052,NetworkSendToLower,0,3164,20,Data,IPPROTO_UDP,0,,0.0
15840,134.137889972,1,N1S3163,190.0.1.1,255.255.255.255,56,NetworkSendToLower,0,3163,20,Data,IPPROTO_UDP,192,,0.0
15844,134.2,1,N1S3166,190.0.1.1,190.0.1.4,1052,NetworkSendToLower,0,3166,20,Data,IPPROTO_UDP,0,,0.0
15854,134.3,1,N1S3168,190.0.1.1,190.0.1.4,1052,NetworkSendToLower,0,3168,20,Data,IPPROTO_UDP,0,,0.0
15864,134.4,1,N1S3170,190.0.1.1,190.0.1.4,1052,NetworkSendToLower,0,3170,20,Data,IPPROTO_UDP,0,,0.0
15874,134.5,1,N1S3172,190.0.1.1,190.0.1.4,1052,NetworkSendToLower,0,3172,20,Data,IPPROTO_UDP,0,,0.0
15884,134.6,1,N1S3174,190.0.1.1,190.0.1.4,1052,NetworkSendToLower,0,3174,20,Data,IPPROTO_UDP,0,,0.0
15894,134.7,1,N1S3176,190.0.1.1,190.0.1.4,1052,NetworkSendToLower,0,3176,20,Data,IPPROTO_UDP,0,,0.0
15904,134.8,1,N1S3178,190.0.1.1,190.0.1.4,1052,NetworkSendToLower,0,3178,20,Data,IPPROTO_UDP,0,,0.0
15914,134.9,1,N1S3180,190.0.1.1,190.0.1.4,1052,NetworkSendToLower,0,3180,20,Data,IPPROTO_UDP,0,,0.0
15924,135.0,1,N1S3182,190.0.1.1,190.0.1.4,1052,NetworkSendToLower,0,3182,20,Data,IPPROTO_UDP,0,,0.0
15934,135.1,1,N1S3184,190.0.1.1,190.0.1.4,1052,NetworkSendToLower,0,3184,20,Data,IPPROTO_UDP,0,,0.0
15950,135.2,1,N1S3186,190.0.1.1,190.0.1.4,1052,NetworkSendToLower,0,3186,20,Data,IPPROTO_UDP,0,,0.0
15966,135.3,1,N1S3188,190.0.1.1,190.0.1.4,1052,NetworkSendToLower,0,3188,20,Data,IPPROTO_UDP,0,,0.0
15976,135.4,1,N1S3190,190.0.1.1,190.0.1.4,1052,NetworkSendToLower,0,3190,20,Data,IPPROTO_UDP,0,,0.0
15986,135.5,1,N1S3192,190.0.1.1,190.0.1.4,1052,NetworkSendToLower,0,3192,20,Data,IPPROTO_UDP,0,,0.0
16002,135.6,1,N1S3194,190.0.1.1,190.0.1.4,1052,NetworkSendToLower,0,3194,20,Data,IPPROTO_UDP,0,,0.0
16012,135.7,1,N1S3196,190.0.1.1,190.0.1.4,1052,NetworkSendToLower,0,3196,20,Data,IPPROTO_UDP,0,,0.0
16022,135.8,1,N1S3198,190.0.1.1,190.0.1.4,1052,NetworkSendToLower,0,3198,20,Data,IPPROTO_UDP,0,,0.0
16032,135.9,1,N1S3200,190.0.1.1,190.0.1.4,1052,NetworkSendToLower,0,3200,20,Data,IPPROTO_UDP,0,,0.0
16042,136.0,1,N1S3202,190.0.1.1,190.0.1.4,1052,NetworkSendToLower,0,3202,20,Data,IPPROTO_UDP,0,,0.0
16068,136.1,1,N1S3205,190.0.1.1,190.0.1.4,1052,NetworkSendToLower,0,3205,20,Data,IPPROTO_UDP,0,,0.0
16073,136.109841952,1,N1S3204,190.0.1.1,255.255.255.255,56,NetworkSendToLower,0,3204,20,Data,IPPROTO_UDP,192,,0.0
16082,136.2,1,N1S3207,190.0.1.1,190.0.1.4,1052,NetworkSendToLower,0,3207,20,Data,IPPROTO_UDP,0,,0.0
16092,136.3,1,N1S3209,190.0.1.1,190.0.1.4,1052,NetworkSendToLower,0,3209,20,Data,IPPROTO_UDP,0,,0.0
16102,136.4,1,N1S3211,190.0.1.1,190.0.1.4,1052,NetworkSendToLower,0,3211,20,Data,IPPROTO_UDP,0,,0.0
16112,136.5,1,N1S3213,190.0.1.1,190.0.1.4,1052,NetworkSendToLower,0,3213,20,Data,IPPROTO_UDP,0,,0.0
16127,136.6,1,N1S3217,190.0.1.1,190.0.1.4,1052,NetworkSendToLower,0,3217,20,Data,IPPROTO_UDP,0,,0.0
16137,136.7,1,N1S3219,190.0.1.1,190.0.1.4,1052,NetworkSendToLower,0,3219,20,Data,IPPROTO_UDP,0,,0.0
16147,136.8,1,N1S3221,190.0.1.1,190.0.1.4,1052,NetworkSendToLower,0,3221,20,Data,IPPROTO_UDP,0,,0.0
16157,136.9,1,N1S3223,190.0.1.1,190.0.1.4,1052,NetworkSendToLower,0,3223,20,Data,IPPROTO_UDP,0,,0.0
16167,137.0,1,N1S3225,190.0.1.1,190.0.1.4,1052,NetworkSendToLower,0,3225,20,Data,IPPROTO_UDP,0,,0.0
16177,137.1,1,N1S3227,190.0.1.1,190.0.1.4,1052,NetworkSendToLower,0,3227,20,Data,IPPROTO_UDP,0,,0.0
16187,137.2,1,N1S3229,190.0.1.1,190.0.1.4,1052,NetworkSendToLower,0,3229,20,Data,IPPROTO_UDP,0,,0.0
16197,137.3,1,N1S3231,190.0.1.1,190.0.1.4,1052,NetworkSendToLower,0,3231,20,Data,IPPROTO_UDP,0,,0.0
16207,137.4,1,N1S3233,190.0.1.1,190.0.1.4,1052,NetworkSendToLower,0,3233,20,Data,IPPROTO_UDP,0,,0.0
16217,137.5,1,N1S3235,190.0.1.1,190.0.1.4,1052,NetworkSendToLower,0,3235,20,Data,IPPROTO_UDP,0,,0.0
16227,137.6,1,N1S3237,190.0.1.1,190.0.1.4,1052,NetworkSendToLower,0,3237,20,Data,IPPROTO_UDP,0,,0.0
16237,137.7,1,N1S3239,190.0.1.1,190.0.1.4,1052,NetworkSendToLower,0,3239,20,Data,IPPROTO_UDP,0,,0.0
16247,137.8,1,N1S3241,190.0.1.1,190.0.1.4,1052,NetworkSendToLower,0,3241,20,Data,IPPROTO_UDP,0,,0.0
16257,137.9,1,N1S3243,190.0.1.1,190.0.1.4,1052,NetworkSendToLower,0,3243,20,Data,IPPROTO_UDP,0,,0.0
16267,138.0,1,N1S3245,190.0.1.1,190.0.1.4,1052,NetworkSendToLower,0,3245,20,Data,IPPROTO_UDP,0,,0.0
16289,138.077397571,1,N1S3247,190.0.1.1,255.255.255.255,56,NetworkSendToLower,0,3247,20,Data,IPPROTO_UDP,192,,0.0
16295,138.1,1,N1S3248,190.0.1.1,190.0.1.4,1052,NetworkSendToLower,0,3248,20,Data,IPPROTO_UDP,0,,0.0
16305,138.2,1,N1S3250,190.0.1.1,190.0.1.4,1052,NetworkSendToLower,0,3250,20,Data,IPPROTO_UDP,0,,0.0
16315,138.3,1,N1S3252,190.0.1.1,190.0.1.4,1052,NetworkSendToLower,0,3252,20,Data,IPPROTO_UDP,0,,0.0
16325,138.4,1,N1S3254,190.0.1.1,190.0.1.4,1052,NetworkSendToLower,0,3254,20,Data,IPPROTO_UDP,0,,0.0
16335,138.5,1,N1S3256,190.0.1.1,190.0.1.4,1052,NetworkSendToLower,0,3256,20,Data,IPPROTO_UDP,0,,0.0
16345,138.6,1,N1S3258,190.0.1.1,190.0.1.4,1052,NetworkSendToLower,0,3258,20,Data,IPPROTO_UDP,0,,0.0
16355,138.7,1,N1S3260,190.0.1.1,190.0.1.4,1052,NetworkSendToLower,0,3260,20,Data,IPPROTO_UDP,0,,0.0
16365,138.8,1,N1S3262,190.0.1.1,190.0.1.4,1052,NetworkSendToLower,0,3262,20,Data,IPPROTO_UDP,0,,0.0
16375,138.9,1,N1S3264,190.0.1.1,190.0.1.4,1052,NetworkSendToLower,0,3264,20,Data,IPPROTO_UDP,0,,0.0
16385,139.0,1,N1S3266,190.0.1.1,190.0.1.4,1052,NetworkSendToLower,0,3266,20,Data,IPPROTO_UDP,0,,0.0
16395,139.1,1,N1S3268,190.0.1.1,190.0.1.4,1052,NetworkSendToLower,0,3268,20,Data,IPPROTO_UDP,0,,0.0
16405,139.2,1,N1S3270,190.0.1.1,190.0.1.4,1052,NetworkSendToLower,0,3270,20,Data,IPPROTO_UDP,0,,0.0
16415,139.3,1,N1S3272,190.0.1.1,190.0.1.4,1052,NetworkSendToLower,0,3272,20,Data,IPPROTO_UDP,0,,0.0
16425,139.4,1,N1S3274,190.0.1.1,190.0.1.4,1052,NetworkSendToLower,0,3274,20,Data,IPPROTO_UDP,0,,0.0
16435,139.5,1,N1S3276,190.0.1.1,190.0.1.4,1052,NetworkSendToLower,0,3276,20,Data,IPPROTO_UDP,0,,0.0
16445,139.6,1,N1S3278,190.0.1.1,190.0.1.4,1052,NetworkSendToLower,0,3278,20,Data,IPPROTO_UDP,0,,0.0
16455,139.7,1,N1S3280,190.0.1.1,190.0.1.4,1052,NetworkSendToLower,0,3280,20,Data,IPPROTO_UDP,0,,0.0
16465,139.8,1,N1S3282,190.0.1.1,190.0.1.4,1052,NetworkSendToLower,0,3282,20,Data,IPPROTO_UDP,0,,0.0
16475,139.9,1,N1S3284,190.0.1.1,190.0.1.4,1052,NetworkSendToLower,0,3284,20,Data,IPPROTO_UDP,0,,0.0
16485,140.0,1,N1S3286,190.0.1.1,190.0.1.4,1052,NetworkSendToLower,0,3286,20,Data,IPPROTO_UDP,0,,0.0
16507,140.091778633,1,N1S3288,190.0.1.1,255.255.255.255,56,NetworkSendToLower,0,3288,20,Data,IPPROTO_UDP,192,,0.0
16517,140.1,1,N1S3289,190.0.1.1,190.0.1.4,1052,NetworkSendToLower,0,3289,20,Data,IPPROTO_UDP,0,,0.0
16537,140.2,1,N1S3291,190.0.1.1,190.0.1.4,1052,NetworkSendToLower,0,3291,20,Data,IPPROTO_UDP,0,,0.0
16547,140.3,1,N1S3293,190.0.1.1,190.0.1.4,1052,NetworkSendToLower,0,3293,20,Data,IPPROTO_UDP,0,,0.0
16563,140.4,1,N1S3295,190.0.1.1,190.0.1.4,1052,NetworkSendToLower,0,3295,20,Data,IPPROTO_UDP,0,,0.0
16579,140.5,1,N1S3297,190.0.1.1,190.0.1.4,1052,NetworkSendToLower,0,3297,20,Data,IPPROTO_UDP,0,,0.0
16589,140.6,1,N1S3299,190.0.1.1,190.0.1.4,1052,NetworkSendToLower,0,3299,20,Data,IPPROTO_UDP,0,,0.0
16599,140.7,1,N1S3301,190.0.1.1,190.0.1.4,1052,NetworkSendToLower,0,3301,20,Data,IPPROTO_UDP,0,,0.0
16609,140.8,1,N1S3303,190.0.1.1,190.0.1.4,1052,NetworkSendToLower,0,3303,20,Data,IPPROTO_UDP,0,,0.0
16619,140.9,1,N1S3305,190.0.1.1,190.0.1.4,1052,NetworkSendToLower,0,3305,20,Data,IPPROTO_UDP,0,,0.0
16629,141.0,1,N1S3307,190.0.1.1,190.0.1.4,1052,NetworkSendToLower,0,3307,20,Data,IPPROTO_UDP,0,,0.0
16639,141.1,1,N1S3309,190.0.1.1,190.0.1.4,1052,NetworkSendToLower,0,3309,20,Data,IPPROTO_UDP,0,,0.0
16649,141.2,1,N1S3311,190.0.1.1,190.0.1.4,1052,NetworkSendToLower,0,3311,20,Data,IPPROTO_UDP,0,,0.0
16659,141.3,1,N1S3313,190.0.1.1,190.0.1.4,1052,NetworkSendToLower,0,3313,20,Data,IPPROTO_UDP,0,,0.0
16669,141.4,1,N1S3315,190.0.1.1,190.0.1.4,1052,NetworkSendToLower,0,3315,20,Data,IPPROTO_UDP,0,,0.0
16679,141.5,1,N1S3317,190.0.1.1,190.0.1.4,1052,NetworkSendToLower,0,3317,20,Data,IPPROTO_UDP,0,,0.0
16689,141.6,1,N1S3319,190.0.1.1,190.0.1.4,1052,NetworkSendToLower,0,3319,20,Data,IPPROTO_UDP,0,,0.0
16699,141.7,1,N1S3321,190.0.1.1,190.0.1.4,1052,NetworkSendToLower,0,3321,20,Data,IPPROTO_UDP,0,,0.0
16709,141.8,1,N1S3323,190.0.1.1,190.0.1.4,1052,NetworkSendToLower,0,3323,20,Data,IPPROTO_UDP,0,,0.0
16719,141.9,1,N1S3325,190.0.1.1,190.0.1.4,1052,NetworkSendToLower,0,3325,20,Data,IPPROTO_UDP,0,,0.0
16729,142.0,1,N1S3327,190.0.1.1,190.0.1.4,1052,NetworkSendToLower,0,3327,20,Data,IPPROTO_UDP,0,,0.0
16745,142.1,1,N1S3330,190.0.1.1,190.0.1.4,1052,NetworkSendToLower,0,3330,20,Data,IPPROTO_UDP,0,,0.0
16763,142.120561545,1,N1S3329,190.0.1.1,255.255.255.255,56,NetworkSendToLower,0,3329,20,Data,IPPROTO_UDP,192,,0.0
16767,142.2,1,N1S3332,190.0.1.1,190.0.1.4,1052,NetworkSendToLower,0,3332,20,Data,IPPROTO_UDP,0,,0.0
16777,142.3,1,N1S3334,190.0.1.1,190.0.1.4,1052,NetworkSendToLower,0,3334,20,Data,IPPROTO_UDP,0,,0.0
16787,142.4,1,N1S3336,190.0.1.1,190.0.1.4,1052,NetworkSendToLower,0,3336,20,Data,IPPROTO_UDP,0,,0.0
16797,142.5,1,N1S3338,190.0.1.1,190.0.1.4,1052,NetworkSendToLower,0,3338,20,Data,IPPROTO_UDP,0,,0.0
16807,142.6,1,N1S3340,190.0.1.1,190.0.1.4,1052,NetworkSendToLower,0,3340,20,Data,IPPROTO_UDP,0,,0.0
16817,142.7,1,N1S3342,190.0.1.1,190.0.1.4,1052,NetworkSendToLower,0,3342,20,Data,IPPROTO_UDP,0,,0.0
16827,142.8,1,N1S3344,190.0.1.1,190.0.1.4,1052,NetworkSendToLower,0,3344,20,Data,IPPROTO_UDP,0,,0.0
16837,142.9,1,N1S3346,190.0.1.1,190.0.1.4,1052,NetworkSendToLower,0,3346,20,Data,IPPROTO_UDP,0,,0.0
16847,143.0,1,N1S3348,190.0.1.1,190.0.1.4,1052,NetworkSendToLower,0,3348,20,Data,IPPROTO_UDP,0,,0.0
16857,143.1,1,N1S3350,190.0.1.1,190.0.1.4,1052,NetworkSendToLower,0,3350,20,Data,IPPROTO_UDP,0,,0.0
16867,143.2,1,N1S3352,190.0.1.1,190.0.1.4,1052,NetworkSendToLower,0,3352,20,Data,IPPROTO_UDP,0,,0.0
16877,143.3,1,N1S3354,190.0.1.1,190.0.1.4,1052,NetworkSendToLower,0,3354,20,Data,IPPROTO_UDP,0,,0.0
16887,143.4,1,N1S3356,190.0.1.1,190.0.1.4,1052,NetworkSendToLower,0,3356,20,Data,IPPROTO_UDP,0,,0.0
16897,143.5,1,N1S3358,190.0.1.1,190.0.1.4,1052,NetworkSendToLower,0,3358,20,Data,IPPROTO_UDP,0,,0.0
16912,143.6,1,N1S3362,190.0.1.1,190.0.1.4,1052,NetworkSendToLower,0,3362,20,Data,IPPROTO_UDP,0,,0.0
16922,143.7,1,N1S3364,190.0.1.1,190.0.1.4,1052,NetworkSendToLower,0,3364,20,Data,IPPROTO_UDP,0,,0.0
16932,143.8,1,N1S3366,190.0.1.1,190.0.1.4,1052,NetworkSendToLower,0,3366,20,Data,IPPROTO_UDP,0,,0.0
16942,143.9,1,N1S3368,190.0.1.1,190.0.1.4,1052,NetworkSendToLower,0,3368,20,Data,IPPROTO_UDP,0,,0.0
16952,144.0,1,N1S3370,190.0.1.1,190.0.1.4,1052,NetworkSendToLower,0,3370,20,Data,IPPROTO_UDP,0,,0.0
16968,144.1,1,N1S3373,190.0.1.1,190.0.1.4,1052,NetworkSendToLower,0,3373,20,Data,IPPROTO_UDP,0,,0.0
16982,144.122216601,1,N1S3372,190.0.1.1,255.255.255.255,56,NetworkSendToLower,0,3372,20,Data,IPPROTO_UDP,192,,0.0
16992,144.2,1,N1S3375,190.0.1.1,190.0.1.4,1052,NetworkSendToLower,0,3375,20,Data,IPPROTO_UDP,0,,0.0
17002,144.3,1,N1S3377,190.0.1.1,190.0.1.4,1052,NetworkSendToLower,0,3377,20,Data,IPPROTO_UDP,0,,0.0
17012,144.4,1,N1S3379,190.0.1.1,190.0.1.4,1052,NetworkSendToLower,0,3379,20,Data,IPPROTO_UDP,0,,0.0
17022,144.5,1,N1S3383,190.0.1.1,190.0.1.4,1052,NetworkSendToLower,0,3383,20,Data,IPPROTO_UDP,0,,0.0
17032,144.6,1,N1S3385,190.0.1.1,190.0.1.4,1052,NetworkSendToLower,0,3385,20,Data,IPPROTO_UDP,0,,0.0
17042,144.7,1,N1S3387,190.0.1.1,190.0.1.4,1052,NetworkSendToLower,0,3387,20,Data,IPPROTO_UDP,0,,0.0
17052,144.8,1,N1S3389,190.0.1.1,190.0.1.4,1052,NetworkSendToLower,0,3389,20,Data,IPPROTO_UDP,0,,0.0
17062,144.9,1,N1S3391,190.0.1.1,190.0.1.4,1052,NetworkSendToLower,0,3391,20,Data,IPPROTO_UDP,0,,0.0
17072,145.0,1,N1S3394,190.0.1.1,190.0.1.4,1052,NetworkSendToLower,0,3394,20,Data,IPPROTO_UDP,0,,0.0
17082,145.1,1,N1S3397,190.0.1.1,190.0.1.4,1052,NetworkSendToLower,0,3397,20,Data,IPPROTO_UDP,0,,0.0
17092,145.2,1,N1S3399,190.0.1.1,190.0.1.4,1052,NetworkSendToLower,0,3399,20,Data,IPPROTO_UDP,0,,0.0
17102,145.3,1,N1S3401,190.0.1.1,190.0.1.4,1052,NetworkSendToLower,0,3401,20,Data,IPPROTO_UDP,0,,0.0
17118,145.4,1,N1S3403,190.0.1.1,190.0.1.4,1052,NetworkSendToLower,0,3403,20,Data,IPPROTO_UDP,0,,0.0
17140,145.5,1,N1S3405,190.0.1.1,190.0.1.4,1052,NetworkSendToLower,0,3405,20,Data,IPPROTO_UDP,0,,0.0
17150,145.6,1,N1S3407,190.0.1.1,190.0.1.4,1052,NetworkSendToLower,0,3407,20,Data,IPPROTO_UDP,0,,0.0
17166,145.7,1,N1S3409,190.0.1.1,190.0.1.4,1052,NetworkSendToLower,0,3409,20,Data,IPPROTO_UDP,0,,0.0
17176,145.8,1,N1S3411,190.0.1.1,190.0.1.4,1052,NetworkSendToLower,0,3411,20,Data,IPPROTO_UDP,0,,0.0
17186,145.9,1,N1S3413,190.0.1.1,190.0.1.4,1052,NetworkSendToLower,0,3413,20,Data,IPPROTO_UDP,0,,0.0
17196,146.0,1,N1S3415,190.0.1.1,190.0.1.4,1052,NetworkSendToLower,0,3415,20,Data,IPPROTO_UDP,0,,0.0
17212,146.1,1,N1S3418,190.0.1.1,190.0.1.4,1052,NetworkSendToLower,0,3418,20,Data,IPPROTO_UDP,0,,0.0
17232,146.152033387,1,N1S3417,190.0.1.1,255.255.255.255,56,NetworkSendToLower,0,3417,20,Data,IPPROTO_UDP,192,,0.0
17236,146.2,1,N1S3420,190.0.1.1,190.0.1.4,1052,NetworkSendToLower,0,3420,20,Data,IPPROTO_UDP,0,,0.0
17246,146.3,1,N1S3422,190.0.1.1,190.0.1.4,1052,NetworkSendToLower,0,3422,20,Data,IPPROTO_UDP,0,,0.0
17256,146.4,1,N1S3424,190.0.1.1,190.0.1.4,1052,NetworkSendToLower,0,3424,20,Data,IPPROTO_UDP,0,,0.0
17266,146.5,1,N1S3426,190.0.1.1,190.0.1.4,1052,NetworkSendToLower,0,3426,20,Data,IPPROTO_UDP,0,,0.0
17276,146.6,1,N1S3428,190.0.1.1,190.0.1.4,1052,NetworkSendToLower,0,3428,20,Data,IPPROTO_UDP,0,,0.0
17286,146.7,1,N1S3430,190.0.1.1,190.0.1.4,1052,NetworkSendToLower,0,3430,20,Data,IPPROTO_UDP,0,,0.0
17296,146.8,1,N1S3432,190.0.1.1,190.0.1.4,1052,NetworkSendToLower,0,3432,20,Data,IPPROTO_UDP,0,,0.0
17306,146.9,1,N1S3434,190.0.1.1,190.0.1.4,1052,NetworkSendToLower,0,3434,20,Data,IPPROTO_UDP,0,,0.0
17316,147.0,1,N1S3436,190.0.1.1,190.0.1.4,1052,NetworkSendToLower,0,3436,20,Data,IPPROTO_UDP,0,,0.0
17326,147.1,1,N1S3438,190.0.1.1,190.0.1.4,1052,NetworkSendToLower,0,3438,20,Data,IPPROTO_UDP,0,,0.0
17336,147.2,1,N1S3440,190.0.1.1,190.0.1.4,1052,NetworkSendToLower,0,3440,20,Data,IPPROTO_UDP,0,,0.0
17346,147.3,1,N1S3442,190.0.1.1,190.0.1.4,1052,NetworkSendToLower,0,3442,20,Data,IPPROTO_UDP,0,,0.0
17356,147.4,1,N1S3444,190.0.1.1,190.0.1.4,1052,NetworkSendToLower,0,3444,20,Data,IPPROTO_UDP,0,,0.0
17366,147.5,1,N1S3446,190.0.1.1,190.0.1.4,1052,NetworkSendToLower,0,3446,20,Data,IPPROTO_UDP,0,,0.0
17376,147.6,1,N1S3448,190.0.1.1,190.0.1.4,1052,NetworkSendToLower,0,3448,20,Data,IPPROTO_UDP,0,,0.0
17386,147.7,1,N1S3450,190.0.1.1,190.0.1.4,1052,NetworkSendToLower,0,3450,20,Data,IPPROTO_UDP,0,,0.0
17396,147.8,1,N1S3452,190.0.1.1,190.0.1.4,1052,NetworkSendToLower,0,3452,20,Data,IPPROTO_UDP,0,,0.0
17406,147.9,1,N1S3454,190.0.1.1,190.0.1.4,1052,NetworkSendToLower,0,3454,20,Data,IPPROTO_UDP,0,,0.0
17416,148.0,1,N1S3456,190.0.1.1,190.0.1.4,1052,NetworkSendToLower,0,3456,20,Data,IPPROTO_UDP,0,,0.0
17430,148.07499521,1,N1S3458,190.0.1.1,255.255.255.255,56,NetworkSendToLower,0,3458,20,Data,IPPROTO_UDP,192,,0.0
17440,148.1,1,N1S3459,190.0.1.1,190.0.1.4,1052,NetworkSendToLower,0,3459,20,Data,IPPROTO_UDP,0,,0.0
17456,148.2,1,N1S3461,190.0.1.1,190.0.1.4,1052,NetworkSendToLower,0,3461,20,Data,IPPROTO_UDP,0,,0.0
17466,148.3,1,N1S3463,190.0.1.1,190.0.1.4,1052,NetworkSendToLower,0,3463,20,Data,IPPROTO_UDP,0,,0.0
17476,148.4,1,N1S3465,190.0.1.1,190.0.1.4,1052,NetworkSendToLower,0,3465,20,Data,IPPROTO_UDP,0,,0.0
17486,148.5,1,N1S3467,190.0.1.1,190.0.1.4,1052,NetworkSendToLower,0,3467,20,Data,IPPROTO_UDP,0,,0.0
17496,148.6,1,N1S3469,190.0.1.1,190.0.1.4,1052,NetworkSendToLower,0,3469,20,Data,IPPROTO_UDP,0,,0.0
17506,148.7,1,N1S3471,190.0.1.1,190.0.1.4,1052,NetworkSendToLower,0,3471,20,Data,IPPROTO_UDP,0,,0.0
17516,148.8,1,N1S3474,190.0.1.1,190.0.1.4,1052,NetworkSendToLower,0,3474,20,Data,IPPROTO_UDP,0,,0.0
17526,148.9,1,N1S3476,190.0.1.1,190.0.1.4,1052,NetworkSendToLower,0,3476,20,Data,IPPROTO_UDP,0,,0.0
17536,149.0,1,N1S3478,190.0.1.1,190.0.1.4,1052,NetworkSendToLower,0,3478,20,Data,IPPROTO_UDP,0,,0.0
17546,149.1,1,N1S3480,190.0.1.1,190.0.1.4,1052,NetworkSendToLower,0,3480,20,Data,IPPROTO_UDP,0,,0.0
17556,149.2,1,N1S3482,190.0.1.1,190.0.1.4,1052,NetworkSendToLower,0,3482,20,Data,IPPROTO_UDP,0,,0.0
17566,149.3,1,N1S3484,190.0.1.1,190.0.1.4,1052,NetworkSendToLower,0,3484,20,Data,IPPROTO_UDP,0,,0.0
17576,149.4,1,N1S3491,190.0.1.1,190.0.1.4,1052,NetworkSendToLower,0,3491,20,Data,IPPROTO_UDP,0,,0.0
17586,149.5,1,N1S3493,190.0.1.1,190.0.1.4,1052,NetworkSendToLower,0,3493,20,Data,IPPROTO_UDP,0,,0.0
17596,149.6,1,N1S3495,190.0.1.1,190.0.1.4,1052,NetworkSendToLower,0,3495,20,Data,IPPROTO_UDP,0,,0.0
17606,149.7,1,N1S3497,190.0.1.1,190.0.1.4,1052,NetworkSendToLower,0,3497,20,Data,IPPROTO_UDP,0,,0.0
17616,149.8,1,N1S3499,190.0.1.1,190.0.1.4,1052,NetworkSendToLower,0,3499,20,Data,IPPROTO_UDP,0,,0.0
17626,149.9,1,N1S3501,190.0.1.1,190.0.1.4,1052,NetworkSendToLower,0,3501,20,Data,IPPROTO_UDP,0,,0.0
17636,150.0,1,N1S3503,190.0.1.1,190.0.1.4,1052,NetworkSendToLower,0,3503,20,Data,IPPROTO_UDP,0,,0.0
17652,150.096903592,1,N1S3505,190.0.1.1,255.255.255.255,56,NetworkSendToLower,0,3505,20,Data,IPPROTO_UDP,192,,0.0
17666,150.1,1,N1S3506,190.0.1.1,190.0.1.4,1052,NetworkSendToLower,0,3506,20,Data,IPPROTO_UDP,0,,0.0
17688,150.2,1,N1S3508,190.0.1.1,190.0.1.4,1052,NetworkSendToLower,0,3508,20,Data,IPPROTO_UDP,0,,0.0
17698,150.3,1,N1S3510,190.0.1.1,190.0.1.4,1052,NetworkSendToLower,0,3510,20,Data,IPPROTO_UDP,0,,0.0
17708,150.4,1,N1S3512,190.0.1.1,190.0.1.4,1052,NetworkSendToLower,0,3512,20,Data,IPPROTO_UDP,0,,0.0
17718,150.5,1,N1S3514,190.0.1.1,190.0.1.4,1052,NetworkSendToLower,0,3514,20,Data,IPPROTO_UDP,0,,0.0
17730,150.6,1,N1S3516,190.0.1.1,190.0.1.4,1052,NetworkSendToLower,0,3516,20,Data,IPPROTO_UDP,0,,0.0
17750,150.7,1,N1S3518,190.0.1.1,190.0.1.4,1052,NetworkSendToLower,0,3518,20,Data,IPPROTO_UDP,0,,0.0
17760,150.8,1,N1S3520,190.0.1.1,190.0.1.4,1052,NetworkSendToLower,0,3520,20,Data,IPPROTO_UDP,0,,0.0
17770,150.9,1,N1S3522,190.0.1.1,190.0.1.4,1052,NetworkSendToLower,0,3522,20,Data,IPPROTO_UDP,0,,0.0
17780,151.0,1,N1S3524,190.0.1.1,190.0.1.4,1052,NetworkSendToLower,0,3524,20,Data,IPPROTO_UDP,0,,0.0
17790,151.1,1,N1S3526,190.0.1.1,190.0.1.4,1052,NetworkSendToLower,0,3526,20,Data,IPPROTO_UDP,0,,0.0
17800,151.2,1,N1S3528,190.0.1.1,190.0.1.4,1052,NetworkSendToLower,0,3528,20,Data,IPPROTO_UDP,0,,0.0
17810,151.3,1,N1S3530,190.0.1.1,190.0.1.4,1052,NetworkSendToLower,0,3530,20,Data,IPPROTO_UDP,0,,0.0
17820,151.4,1,N1S3532,190.0.1.1,190.0.1.4,1052,NetworkSendToLower,0,3532,20,Data,IPPROTO_UDP,0,,0.0
17830,151.5,1,N1S3534,190.0.1.1,190.0.1.4,1052,NetworkSendToLower,0,3534,20,Data,IPPROTO_UDP,0,,0.0
17840,151.6,1,N1S3536,190.0.1.1,190.0.1.4,1052,NetworkSendToLower,0,3536,20,Data,IPPROTO_UDP,0,,0.0
17850,151.7,1,N1S3538,190.0.1.1,190.0.1.4,1052,NetworkSendToLower,0,3538,20,Data,IPPROTO_UDP,0,,0.0
17860,151.8,1,N1S3540,190.0.1.1,190.0.1.4,1052,NetworkSendToLower,0,3540,20,Data,IPPROTO_UDP,0,,0.0
17870,151.9,1,N1S3542,190.0.1.1,190.0.1.4,1052,NetworkSendToLower,0,3542,20,Data,IPPROTO_UDP,0,,0.0
17880,152.0,1,N1S3544,190.0.1.1,190.0.1.4,1052,NetworkSendToLower,0,3544,20,Data,IPPROTO_UDP,0,,0.0
17896,152.079345235,1,N1S3546,190.0.1.1,255.255.255.255,56,NetworkSendToLower,0,3546,20,Data,IPPROTO_UDP,192,,0.0
17904,152.1,1,N1S3547,190.0.1.1,190.0.1.4,1052,NetworkSendToLower,0,3547,20,Data,IPPROTO_UDP,0,,0.0
17920,152.2,1,N1S3549,190.0.1.1,190.0.1.4,1052,NetworkSendToLower,0,3549,20,Data,IPPROTO_UDP,0,,0.0
17930,152.3,1,N1S3551,190.0.1.1,190.0.1.4,1052,NetworkSendToLower,0,3551,20,Data,IPPROTO_UDP,0,,0.0
17940,152.4,1,N1S3553,190.0.1.1,190.0.1.4,1052,NetworkSendToLower,0,3553,20,Data,IPPROTO_UDP,0,,0.0
17950,152.5,1,N1S3555,190.0.1.1,190.0.1.4,1052,NetworkSendToLower,0,3555,20,Data,IPPROTO_UDP,0,,0.0
17960,152.6,1,N1S3557,190.0.1.1,190.0.1.4,1052,NetworkSendToLower,0,3557,20,Data,IPPROTO_UDP,0,,0.0
17970,152.7,1,N1S3559,190.0.1.1,190.0.1.4,1052,NetworkSendToLower,0,3559,20,Data,IPPROTO_UDP,0,,0.0
17980,152.8,1,N1S3561,190.0.1.1,190.0.1.4,1052,NetworkSendToLower,0,3561,20,Data,IPPROTO_UDP,0,,0.0
17990,152.9,1,N1S3563,190.0.1.1,190.0.1.4,1052,NetworkSendToLower,0,3563,20,Data,IPPROTO_UDP,0,,0.0
18000,153.0,1,N1S3565,190.0.1.1,190.0.1.4,1052,NetworkSendToLower,0,3565,20,Data,IPPROTO_UDP,0,,0.0
18010,153.1,1,N1S3568,190.0.1.1,190.0.1.4,1052,NetworkSendToLower,0,3568,20,Data,IPPROTO_UDP,0,,0.0
18020,153.2,1,N1S3570,190.0.1.1,190.0.1.4,1052,NetworkSendToLower,0,3570,20,Data,IPPROTO_UDP,0,,0.0
18030,153.3,1,N1S3572,190.0.1.1,190.0.1.4,1052,NetworkSendToLower,0,3572,20,Data,IPPROTO_UDP,0,,0.0
18040,153.4,1,N1S3574,190.0.1.1,190.0.1.4,1052,NetworkSendToLower,0,3574,20,Data,IPPROTO_UDP,0,,0.0
18050,153.5,1,N1S3576,190.0.1.1,190.0.1.4,1052,NetworkSendToLower,0,3576,20,Data,IPPROTO_UDP,0,,0.0
18060,153.6,1,N1S3578,190.0.1.1,190.0.1.4,1052,NetworkSendToLower,0,3578,20,Data,IPPROTO_UDP,0,,0.0
18070,153.7,1,N1S3580,190.0.1.1,190.0.1.4,1052,NetworkSendToLower,0,3580,20,Data,IPPROTO_UDP,0,,0.0
18080,153.8,1,N1S3583,190.0.1.1,190.0.1.4,1052,NetworkSendToLower,0,3583,20,Data,IPPROTO_UDP,0,,0.0
18090,153.9,1,N1S3585,190.0.1.1,190.0.1.4,1052,NetworkSendToLower,0,3585,20,Data,IPPROTO_UDP,0,,0.0
18100,154.0,1,N1S3587,190.0.1.1,190.0.1.4,1052,NetworkSendToLower,0,3587,20,Data,IPPROTO_UDP,0,,0.0
18110,154.1,1,N1S3590,190.0.1.1,190.0.1.4,1052,NetworkSendToLower,0,3590,20,Data,IPPROTO_UDP,0,,0.0
18130,154.133234611,1,N1S3589,190.0.1.1,255.255.255.255,56,NetworkSendToLower,0,3589,20,Data,IPPROTO_UDP,192,,0.0
18140,154.2,1,N1S3592,190.0.1.1,190.0.1.4,1052,NetworkSendToLower,0,3592,20,Data,IPPROTO_UDP,0,,0.0
18150,154.3,1,N1S3595,190.0.1.1,190.0.1.4,1052,NetworkSendToLower,0,3595,20,Data,IPPROTO_UDP,0,,0.0
18160,154.4,1,N1S3597,190.0.1.1,190.0.1.4,1052,NetworkSendToLower,0,3597,20,Data,IPPROTO_UDP,0,,0.0
18170,154.5,1,N1S3599,190.0.1.1,190.0.1.4,1052,NetworkSendToLower,0,3599,20,Data,IPPROTO_UDP,0,,0.0
18180,154.6,1,N1S3601,190.0.1.1,190.0.1.4,1052,NetworkSendToLower,0,3601,20,Data,IPPROTO_UDP,0,,0.0
18190,154.7,1,N1S3603,190.0.1.1,190.0.1.4,1052,NetworkSendToLower,0,3603,20,Data,IPPROTO_UDP,0,,0.0
18200,154.8,1,N1S3605,190.0.1.1,190.0.1.4,1052,NetworkSendToLower,0,3605,20,Data,IPPROTO_UDP,0,,0.0
18210,154.9,1,N1S3607,190.0.1.1,190.0.1.4,1052,NetworkSendToLower,0,3607,20,Data,IPPROTO_UDP,0,,0.0
18220,155.0,1,N1S3609,190.0.1.1,190.0.1.4,1052,NetworkSendToLower,0,3609,20,Data,IPPROTO_UDP,0,,0.0
18230,155.1,1,N1S3611,190.0.1.1,190.0.1.4,1052,NetworkSendToLower,0,3611,20,Data,IPPROTO_UDP,0,,0.0
18246,155.2,1,N1S3613,190.0.1.1,190.0.1.4,1052,NetworkSendToLower,0,3613,20,Data,IPPROTO_UDP,0,,0.0
18262,155.3,1,N1S3615,190.0.1.1,190.0.1.4,1052,NetworkSendToLower,0,3615,20,Data,IPPROTO_UDP,0,,0.0
18272,155.4,1,N1S3617,190.0.1.1,190.0.1.4,1052,NetworkSendToLower,0,3617,20,Data,IPPROTO_UDP,0,,0.0
18282,155.5,1,N1S3619,190.0.1.1,190.0.1.4,1052,NetworkSendToLower,0,3619,20,Data,IPPROTO_UDP,0,,0.0
18298,155.6,1,N1S3621,190.0.1.1,190.0.1.4,1052,NetworkSendToLower,0,3621,20,Data,IPPROTO_UDP,0,,0.0
18314,155.7,1,N1S3623,190.0.1.1,190.0.1.4,1052,NetworkSendToLower,0,3623,20,Data,IPPROTO_UDP,0,,0.0
18324,155.8,1,N1S3625,190.0.1.1,190.0.1.4,1052,NetworkSendToLower,0,3625,20,Data,IPPROTO_UDP,0,,0.0
18334,155.9,1,N1S3627,190.0.1.1,190.0.1.4,1052,NetworkSendToLower,0,3627,20,Data,IPPROTO_UDP,0,,0.0
18344,156.0,1,N1S3629,190.0.1.1,190.0.1.4,1052,NetworkSendToLower,0,3629,20,Data,IPPROTO_UDP,0,,0.0
18364,156.1,1,N1S3632,190.0.1.1,190.0.1.4,1052,NetworkSendToLower,0,3632,20,Data,IPPROTO_UDP,0,,0.0
18380,156.125642576,1,N1S3631,190.0.1.1,255.255.255.255,56,NetworkSendToLower,0,3631,20,Data,IPPROTO_UDP,192,,0.0
18384,156.2,1,N1S3634,190.0.1.1,190.0.1.4,1052,NetworkSendToLower,0,3634,20,Data,IPPROTO_UDP,0,,0.0
18394,156.3,1,N1S3636,190.0.1.1,190.0.1.4,1052,NetworkSendToLower,0,3636,20,Data,IPPROTO_UDP,0,,0.0
18404,156.4,1,N1S3638,190.0.1.1,190.0.1.4,1052,NetworkSendToLower,0,3638,20,Data,IPPROTO_UDP,0,,0.0
18414,156.5,1,N1S3640,190.0.1.1,190.0.1.4,1052,NetworkSendToLower,0,3640,20,Data,IPPROTO_UDP,0,,0.0
18424,156.6,1,N1S3642,190.0.1.1,190.0.1.4,1052,NetworkSendToLower,0,3642,20,Data,IPPROTO_UDP,0,,0.0
18434,156.7,1,N1S3644,190.0.1.1,190.0.1.4,1052,NetworkSendToLower,0,3644,20,Data,IPPROTO_UDP,0,,0.0
18444,156.8,1,N1S3646,190.0.1.1,190.0.1.4,1052,NetworkSendToLower,0,3646,20,Data,IPPROTO_UDP,0,,0.0
18454,156.9,1,N1S3648,190.0.1.1,190.0.1.4,1052,NetworkSendToLower,0,3648,20,Data,IPPROTO_UDP,0,,0.0
18464,157.0,1,N1S3650,190.0.1.1,190.0.1.4,1052,NetworkSendToLower,0,3650,20,Data,IPPROTO_UDP,0,,0.0
18474,157.1,1,N1S3652,190.0.1.1,190.0.1.4,1052,NetworkSendToLower,0,3652,20,Data,IPPROTO_UDP,0,,0.0
18484,157.2,1,N1S3654,190.0.1.1,190.0.1.4,1052,NetworkSendToLower,0,3654,20,Data,IPPROTO_UDP,0,,0.0
18494,157.3,1,N1S3656,190.0.1.1,190.0.1.4,1052,NetworkSendToLower,0,3656,20,Data,IPPROTO_UDP,0,,0.0
18504,157.4,1,N1S3658,190.0.1.1,190.0.1.4,1052,NetworkSendToLower,0,3658,20,Data,IPPROTO_UDP,0,,0.0
18514,157.5,1,N1S3660,190.0.1.1,190.0.1.4,1052,NetworkSendToLower,0,3660,20,Data,IPPROTO_UDP,0,,0.0
18524,157.6,1,N1S3662,190.0.1.1,190.0.1.4,1052,NetworkSendToLower,0,3662,20,Data,IPPROTO_UDP,0,,0.0
18534,157.7,1,N1S3664,190.0.1.1,190.0.1.4,1052,NetworkSendToLower,0,3664,20,Data,IPPROTO_UDP,0,,0.0
18544,157.8,1,N1S3666,190.0.1.1,190.0.1.4,1052,NetworkSendToLower,0,3666,20,Data,IPPROTO_UDP,0,,0.0
18554,157.9,1,N1S3668,190.0.1.1,190.0.1.4,1052,NetworkSendToLower,0,3668,20,Data,IPPROTO_UDP,0,,0.0
18564,158.0,1,N1S3670,190.0.1.1,190.0.1.4,1052,NetworkSendToLower,0,3670,20,Data,IPPROTO_UDP,0,,0.0
18580,158.088199287,1,N1S3672,190.0.1.1,255.255.255.255,56,NetworkSendToLower,0,3672,20,Data,IPPROTO_UDP,192,,0.0
18584,158.1,1,N1S3673,190.0.1.1,190.0.1.4,1052,NetworkSendToLower,0,3673,20,Data,IPPROTO_UDP,0,,0.0
18604,158.2,1,N1S3675,190.0.1.1,190.0.1.4,1052,NetworkSendToLower,0,3675,20,Data,IPPROTO_UDP,0,,0.0
18614,158.3,1,N1S3677,190.0.1.1,190.0.1.4,1052,NetworkSendToLower,0,3677,20,Data,IPPROTO_UDP,0,,0.0
18624,158.4,1,N1S3679,190.0.1.1,190.0.1.4,1052,NetworkSendToLower,0,3679,20,Data,IPPROTO_UDP,0,,0.0
18634,158.5,1,N1S3681,190.0.1.1,190.0.1.4,1052,NetworkSendToLower,0,3681,20,Data,IPPROTO_UDP,0,,0.0
18644,158.6,1,N1S3683,190.0.1.1,190.0.1.4,1052,NetworkSendToLower,0,3683,20,Data,IPPROTO_UDP,0,,0.0
18654,158.7,1,N1S3685,190.0.1.1,190.0.1.4,1052,NetworkSendToLower,0,3685,20,Data,IPPROTO_UDP,0,,0.0
18664,158.8,1,N1S3687,190.0.1.1,190.0.1.4,1052,NetworkSendToLower,0,3687,20,Data,IPPROTO_UDP,0,,0.0
18674,158.9,1,N1S3689,190.0.1.1,190.0.1.4,1052,NetworkSendToLower,0,3689,20,Data,IPPROTO_UDP,0,,0.0
18684,159.0,1,N1S3691,190.0.1.1,190.0.1.4,1052,NetworkSendToLower,0,3691,20,Data,IPPROTO_UDP,0,,0.0
18694,159.1,1,N1S3693,190.0.1.1,190.0.1.4,1052,NetworkSendToLower,0,3693,20,Data,IPPROTO_UDP,0,,0.0
18704,159.2,1,N1S3695,190.0.1.1,190.0.1.4,1052,NetworkSendToLower,0,3695,20,Data,IPPROTO_UDP,0,,0.0
18714,159.3,1,N1S3697,190.0.1.1,190.0.1.4,1052,NetworkSendToLower,0,3697,20,Data,IPPROTO_UDP,0,,0.0
18724,159.4,1,N1S3699,190.0.1.1,190.0.1.4,1052,NetworkSendToLower,0,3699,20,Data,IPPROTO_UDP,0,,0.0
18734,159.5,1,N1S3701,190.0.1.1,190.0.1.4,1052,NetworkSendToLower,0,3701,20,Data,IPPROTO_UDP,0,,0.0
18744,159.6,1,N1S3703,190.0.1.1,190.0.1.4,1052,NetworkSendToLower,0,3703,20,Data,IPPROTO_UDP,0,,0.0
18754,159.7,1,N1S3705,190.0.1.1,190.0.1.4,1052,NetworkSendToLower,0,3705,20,Data,IPPROTO_UDP,0,,0.0
18764,159.8,1,N1S3707,190.0.1.1,190.0.1.4,1052,NetworkSendToLower,0,3707,20,Data,IPPROTO_UDP,0,,0.0
18774,159.9,1,N1S3709,190.0.1.1,190.0.1.4,1052,NetworkSendToLower,0,3709,20,Data,IPPROTO_UDP,0,,0.0
18784,160.0,1,N1S3711,190.0.1.1,190.0.1.4,1052,NetworkSendToLower,0,3711,20,Data,IPPROTO_UDP,0,,0.0
18798,160.071429371,1,N1S3713,190.0.1.1,255.255.255.255,56,NetworkSendToLower,0,3713,20,Data,IPPROTO_UDP,192,,0.0
18808,160.1,1,N1S3714,190.0.1.1,190.0.1.4,1052,NetworkSendToLower,0,3714,20,Data,IPPROTO_UDP,0,,0.0
18824,160.2,1,N1S3716,190.0.1.1,190.0.1.4,1052,NetworkSendToLower,0,3716,20,Data,IPPROTO_UDP,0,,0.0
18840,160.3,1,N1S3718,190.0.1.1,190.0.1.4,1052,NetworkSendToLower,0,3718,20,Data,IPPROTO_UDP,0,,0.0
18850,160.4,1,N1S3720,190.0.1.1,190.0.1.4,1052,NetworkSendToLower,0,3720,20,Data,IPPROTO_UDP,0,,0.0
18872,160.5,1,N1S3722,190.0.1.1,190.0.1.4,1052,NetworkSendToLower,0,3722,20,Data,IPPROTO_UDP,0,,0.0
18888,160.6,1,N1S3724,190.0.1.1,190.0.1.4,1052,NetworkSendToLower,0,3724,20,Data,IPPROTO_UDP,0,,0.0
18898,160.7,1,N1S3726,190.0.1.1,190.0.1.4,1052,NetworkSendToLower,0,3726,20,Data,IPPROTO_UDP,0,,0.0
18908,160.8,1,N1S3728,190.0.1.1,190.0.1.4,1052,NetworkSendToLower,0,3728,20,Data,IPPROTO_UDP,0,,0.0
18918,160.9,1,N1S3730,190.0.1.1,190.0.1.4,1052,NetworkSendToLower,0,3730,20,Data,IPPROTO_UDP,0,,0.0
18928,161.0,1,N1S3732,190.0.1.1,190.0.1.4,1052,NetworkSendToLower,0,3732,20,Data,IPPROTO_UDP,0,,0.0
18938,161.1,1,N1S3734,190.0.1.1,190.0.1.4,1052,NetworkSendToLower,0,3734,20,Data,IPPROTO_UDP,0,,0.0
18948,161.2,1,N1S3736,190.0.1.1,190.0.1.4,1052,NetworkSendToLower,0,3736,20,Data,IPPROTO_UDP,0,,0.0
18958,161.3,1,N1S3738,190.0.1.1,190.0.1.4,1052,NetworkSendToLower,0,3738,20,Data,IPPROTO_UDP,0,,0.0
18968,161.4,1,N1S3740,190.0.1.1,190.0.1.4,1052,NetworkSendToLower,0,3740,20,Data,IPPROTO_UDP,0,,0.0
18978,161.5,1,N1S3742,190.0.1.1,190.0.1.4,1052,NetworkSendToLower,0,3742,20,Data,IPPROTO_UDP,0,,0.0
18988,161.6,1,N1S3744,190.0.1.1,190.0.1.4,1052,NetworkSendToLower,0,3744,20,Data,IPPROTO_UDP,0,,0.0
18998,161.7,1,N1S3746,190.0.1.1,190.0.1.4,1052,NetworkSendToLower,0,3746,20,Data,IPPROTO_UDP,0,,0.0
19008,161.8,1,N1S3748,190.0.1.1,190.0.1.4,1052,NetworkSendToLower,0,3748,20,Data,IPPROTO_UDP,0,,0.0
19018,161.9,1,N1S3750,190.0.1.1,190.0.1.4,1052,NetworkSendToLower,0,3750,20,Data,IPPROTO_UDP,0,,0.0
19028,162.0,1,N1S3752,190.0.1.1,190.0.1.4,1052,NetworkSendToLower,0,3752,20,Data,IPPROTO_UDP,0,,0.0
19044,162.1,1,N1S3756,190.0.1.1,190.0.1.4,1052,NetworkSendToLower,0,3756,20,Data,IPPROTO_UDP,0,,0.0
19049,162.105658,1,N1S3755,190.0.1.1,255.255.255.255,56,NetworkSendToLower,0,3755,20,Data,IPPROTO_UDP,192,,0.0
19068,162.2,1,N1S3758,190.0.1.1,190.0.1.4,1052,NetworkSendToLower,0,3758,20,Data,IPPROTO_UDP,0,,0.0
19078,162.3,1,N1S3760,190.0.1.1,190.0.1.4,1052,NetworkSendToLower,0,3760,20,Data,IPPROTO_UDP,0,,0.0
19088,162.4,1,N1S3762,190.0.1.1,190.0.1.4,1052,NetworkSendToLower,0,3762,20,Data,IPPROTO_UDP,0,,0.0
19098,162.5,1,N1S3764,190.0.1.1,190.0.1.4,1052,NetworkSendToLower,0,3764,20,Data,IPPROTO_UDP,0,,0.0
19108,162.6,1,N1S3766,190.0.1.1,190.0.1.4,1052,NetworkSendToLower,0,3766,20,Data,IPPROTO_UDP,0,,0.0
19123,162.7,1,N1S3770,190.0.1.1,190.0.1.4,1052,NetworkSendToLower,0,3770,20,Data,IPPROTO_UDP,0,,0.0
19133,162.8,1,N1S3772,190.0.1.1,190.0.1.4,1052,NetworkSendToLower,0,3772,20,Data,IPPROTO_UDP,0,,0.0
19143,162.9,1,N1S3774,190.0.1.1,190.0.1.4,1052,NetworkSendToLower,0,3774,20,Data,IPPROTO_UDP,0,,0.0
19153,163.0,1,N1S3776,190.0.1.1,190.0.1.4,1052,NetworkSendToLower,0,3776,20,Data,IPPROTO_UDP,0,,0.0
19163,163.1,1,N1S3778,190.0.1.1,190.0.1.4,1052,NetworkSendToLower,0,3778,20,Data,IPPROTO_UDP,0,,0.0
19173,163.2,1,N1S3780,190.0.1.1,190.0.1.4,1052,NetworkSendToLower,0,3780,20,Data,IPPROTO_UDP,0,,0.0
19183,163.3,1,N1S3782,190.0.1.1,190.0.1.4,1052,NetworkSendToLower,0,3782,20,Data,IPPROTO_UDP,0,,0.0
19193,163.4,1,N1S3784,190.0.1.1,190.0.1.4,1052,NetworkSendToLower,0,3784,20,Data,IPPROTO_UDP,0,,0.0
19203,163.5,1,N1S3786,190.0.1.1,190.0.1.4,1052,NetworkSendToLower,0,3786,20,Data,IPPROTO_UDP,0,,0.0
19213,163.6,1,N1S3788,190.0.1.1,190.0.1.4,1052,NetworkSendToLower,0,3788,20,Data,IPPROTO_UDP,0,,0.0
19223,163.7,1,N1S3791,190.0.1.1,190.0.1.4,1052,NetworkSendToLower,0,3791,20,Data,IPPROTO_UDP,0,,0.0
19233,163.8,1,N1S3793,190.0.1.1,190.0.1.4,1052,NetworkSendToLower,0,3793,20,Data,IPPROTO_UDP,0,,0.0
19243,163.9,1,N1S3795,190.0.1.1,190.0.1.4,1052,NetworkSendToLower,0,3795,20,Data,IPPROTO_UDP,0,,0.0
19253,164.0,1,N1S3797,190.0.1.1,190.0.1.4,1052,NetworkSendToLower,0,3797,20,Data,IPPROTO_UDP,0,,0.0
19279,164.1,1,N1S3800,190.0.1.1,190.0.1.4,1052,NetworkSendToLower,0,3800,20,Data,IPPROTO_UDP,0,,0.0
19289,164.14969658,1,N1S3799,190.0.1.1,255.255.255.255,56,NetworkSendToLower,0,3799,20,Data,IPPROTO_UDP,192,,0.0
19293,164.2,1,N1S3802,190.0.1.1,190.0.1.4,1052,NetworkSendToLower,0,3802,20,Data,IPPROTO_UDP,0,,0.0
19303,164.3,1,N1S3804,190.0.1.1,190.0.1.4,1052,NetworkSendToLower,0,3804,20,Data,IPPROTO_UDP,0,,0.0
19313,164.4,1,N1S3806,190.0.1.1,190.0.1.4,1052,NetworkSendToLower,0,3806,20,Data,IPPROTO_UDP,0,,0.0
19323,164.5,1,N1S3808,190.0.1.1,190.0.1.4,1052,NetworkSendToLower,0,3808,20,Data,IPPROTO_UDP,0,,0.0
19333,164.6,1,N1S3810,190.0.1.1,190.0.1.4,1052,NetworkSendToLower,0,3810,20,Data,IPPROTO_UDP,0,,0.0
19343,164.7,1,N1S3812,190.0.1.1,190.0.1.4,1052,NetworkSendToLower,0,3812,20,Data,IPPROTO_UDP,0,,0.0
19353,164.8,1,N1S3814,190.0.1.1,190.0.1.4,1052,NetworkSendToLower,0,3814,20,Data,IPPROTO_UDP,0,,0.0
19363,164.9,1,N1S3816,190.0.1.1,190.0.1.4,1052,NetworkSendToLower,0,3816,20,Data,IPPROTO_UDP,0,,0.0
19373,165.0,1,N1S3818,190.0.1.1,190.0.1.4,1052,NetworkSendToLower,0,3818,20,Data,IPPROTO_UDP,0,,0.0
19383,165.1,1,N1S3820,190.0.1.1,190.0.1.4,1052,NetworkSendToLower,0,3820,20,Data,IPPROTO_UDP,0,,0.0
19393,165.2,1,N1S3822,190.0.1.1,190.0.1.4,1052,NetworkSendToLower,0,3822,20,Data,IPPROTO_UDP,0,,0.0
19409,165.3,1,N1S3824,190.0.1.1,190.0.1.4,1052,NetworkSendToLower,0,3824,20,Data,IPPROTO_UDP,0,,0.0
19425,165.4,1,N1S3826,190.0.1.1,190.0.1.4,1052,NetworkSendToLower,0,3826,20,Data,IPPROTO_UDP,0,,0.0
19435,165.5,1,N1S3828,190.0.1.1,190.0.1.4,1052,NetworkSendToLower,0,3828,20,Data,IPPROTO_UDP,0,,0.0
19445,165.6,1,N1S3830,190.0.1.1,190.0.1.4,1052,NetworkSendToLower,0,3830,20,Data,IPPROTO_UDP,0,,0.0
19461,165.7,1,N1S3832,190.0.1.1,190.0.1.4,1052,NetworkSendToLower,0,3832,20,Data,IPPROTO_UDP,0,,0.0
19477,165.8,1,N1S3834,190.0.1.1,190.0.1.4,1052,NetworkSendToLower,0,3834,20,Data,IPPROTO_UDP,0,,0.0
19487,165.9,1,N1S3836,190.0.1.1,190.0.1.4,1052,NetworkSendToLower,0,3836,20,Data,IPPROTO_UDP,0,,0.0
19497,166.0,1,N1S3838,190.0.1.1,190.0.1.4,1052,NetworkSendToLower,0,3838,20,Data,IPPROTO_UDP,0,,0.0
19511,166.1,1,N1S3841,190.0.1.1,190.0.1.4,1052,NetworkSendToLower,0,3841,20,Data,IPPROTO_UDP,0,,0.0
19533,166.149401682,1,N1S3840,190.0.1.1,255.255.255.255,56,NetworkSendToLower,0,3840,20,Data,IPPROTO_UDP,192,,0.0
19537,166.2,1,N1S3843,190.0.1.1,190.0.1.4,1052,NetworkSendToLower,0,3843,20,Data,IPPROTO_UDP,0,,0.0
19547,166.3,1,N1S3845,190.0.1.1,190.0.1.4,1052,NetworkSendToLower,0,3845,20,Data,IPPROTO_UDP,0,,0.0
19557,166.4,1,N1S3847,190.0.1.1,190.0.1.4,1052,NetworkSendToLower,0,3847,20,Data,IPPROTO_UDP,0,,0.0
19567,166.5,1,N1S3849,190.0.1.1,190.0.1.4,1052,NetworkSendToLower,0,3849,20,Data,IPPROTO_UDP,0,,0.0
19577,166.6,1,N1S3851,190.0.1.1,190.0.1.4,1052,NetworkSendToLower,0,3851,20,Data,IPPROTO_UDP,0,,0.0
19587,166.7,1,N1S3853,190.0.1.1,190.0.1.4,1052,NetworkSendToLower,0,3853,20,Data,IPPROTO_UDP,0,,0.0
19597,166.8,1,N1S3855,190.0.1.1,190.0.1.4,1052,NetworkSendToLower,0,3855,20,Data,IPPROTO_UDP,0,,0.0
19607,166.9,1,N1S3857,190.0.1.1,190.0.1.4,1052,NetworkSendToLower,0,3857,20,Data,IPPROTO_UDP,0,,0.0
19617,167.0,1,N1S3859,190.0.1.1,190.0.1.4,1052,NetworkSendToLower,0,3859,20,Data,IPPROTO_UDP,0,,0.0
19627,167.1,1,N1S3861,190.0.1.1,190.0.1.4,1052,NetworkSendToLower,0,3861,20,Data,IPPROTO_UDP,0,,0.0
19637,167.2,1,N1S3863,190.0.1.1,190.0.1.4,1052,NetworkSendToLower,0,3863,20,Data,IPPROTO_UDP,0,,0.0
19647,167.3,1,N1S3865,190.0.1.1,190.0.1.4,1052,NetworkSendToLower,0,3865,20,Data,IPPROTO_UDP,0,,0.0
19657,167.4,1,N1S3867,190.0.1.1,190.0.1.4,1052,NetworkSendToLower,0,3867,20,Data,IPPROTO_UDP,0,,0.0
19667,167.5,1,N1S3869,190.0.1.1,190.0.1.4,1052,NetworkSendToLower,0,3869,20,Data,IPPROTO_UDP,0,,0.0
19677,167.6,1,N1S3871,190.0.1.1,190.0.1.4,1052,NetworkSendToLower,0,3871,20,Data,IPPROTO_UDP,0,,0.0
19687,167.7,1,N1S3873,190.0.1.1,190.0.1.4,1052,NetworkSendToLower,0,3873,20,Data,IPPROTO_UDP,0,,0.0
19697,167.8,1,N1S3875,190.0.1.1,190.0.1.4,1052,NetworkSendToLower,0,3875,20,Data,IPPROTO_UDP,0,,0.0
19707,167.9,1,N1S3877,190.0.1.1,190.0.1.4,1052,NetworkSendToLower,0,3877,20,Data,IPPROTO_UDP,0,,0.0
19717,168.0,1,N1S3879,190.0.1.1,190.0.1.4,1052,NetworkSendToLower,0,3879,20,Data,IPPROTO_UDP,0,,0.0
19733,168.086931944,1,N1S3881,190.0.1.1,255.255.255.255,56,NetworkSendToLower,0,3881,20,Data,IPPROTO_UDP,192,,0.0
19741,168.1,1,N1S3882,190.0.1.1,190.0.1.4,1052,NetworkSendToLower,0,3882,20,Data,IPPROTO_UDP,0,,0.0
19757,168.2,1,N1S3884,190.0.1.1,190.0.1.4,1052,NetworkSendToLower,0,3884,20,Data,IPPROTO_UDP,0,,0.0
19767,168.3,1,N1S3886,190.0.1.1,190.0.1.4,1052,NetworkSendToLower,0,3886,20,Data,IPPROTO_UDP,0,,0.0
19777,168.4,1,N1S3888,190.0.1.1,190.0.1.4,1052,NetworkSendToLower,0,3888,20,Data,IPPROTO_UDP,0,,0.0
19787,168.5,1,N1S3890,190.0.1.1,190.0.1.4,1052,NetworkSendToLower,0,3890,20,Data,IPPROTO_UDP,0,,0.0
19797,168.6,1,N1S3892,190.0.1.1,190.0.1.4,1052,NetworkSendToLower,0,3892,20,Data,IPPROTO_UDP,0,,0.0
19807,168.7,1,N1S3894,190.0.1.1,190.0.1.4,1052,NetworkSendToLower,0,3894,20,Data,IPPROTO_UDP,0,,0.0
19817,168.8,1,N1S3896,190.0.1.1,190.0.1.4,1052,NetworkSendToLower,0,3896,20,Data,IPPROTO_UDP,0,,0.0
19827,168.9,1,N1S3899,190.0.1.1,190.0.1.4,1052,NetworkSendToLower,0,3899,20,Data,IPPROTO_UDP,0,,0.0
19837,169.0,1,N1S3901,190.0.1.1,190.0.1.4,1052,NetworkSendToLower,0,3901,20,Data,IPPROTO_UDP,0,,0.0
19847,169.1,1,N1S3903,190.0.1.1,190.0.1.4,1052,NetworkSendToLower,0,3903,20,Data,IPPROTO_UDP,0,,0.0
19857,169.2,1,N1S3905,190.0.1.1,190.0.1.4,1052,NetworkSendToLower,0,3905,20,Data,IPPROTO_UDP,0,,0.0
19867,169.3,1,N1S3907,190.0.1.1,190.0.1.4,1052,NetworkSendToLower,0,3907,20,Data,IPPROTO_UDP,0,,0.0
19877,169.4,1,N1S3909,190.0.1.1,190.0.1.4,1052,NetworkSendToLower,0,3909,20,Data,IPPROTO_UDP,0,,0.0
19887,169.5,1,N1S3911,190.0.1.1,190.0.1.4,1052,NetworkSendToLower,0,3911,20,Data,IPPROTO_UDP,0,,0.0
19897,169.6,1,N1S3913,190.0.1.1,190.0.1.4,1052,NetworkSendToLower,0,3913,20,Data,IPPROTO_UDP,0,,0.0
19907,169.7,1,N1S3915,190.0.1.1,190.0.1.4,1052,NetworkSendToLower,0,3915,20,Data,IPPROTO_UDP,0,,0.0
19917,169.8,1,N1S3917,190.0.1.1,190.0.1.4,1052,NetworkSendToLower,0,3917,20,Data,IPPROTO_UDP,0,,0.0
19927,169.9,1,N1S3919,190.0.1.1,190.0.1.4,1052,NetworkSendToLower,0,3919,20,Data,IPPROTO_UDP,0,,0.0
19937,170.0,1,N1S3921,190.0.1.1,190.0.1.4,1052,NetworkSendToLower,0,3921,20,Data,IPPROTO_UDP,0,,0.0
19953,170.1,1,N1S3924,190.0.1.1,190.0.1.4,1052,NetworkSendToLower,0,3924,20,Data,IPPROTO_UDP,0,,0.0
19979,170.146546384,1,N1S3923,190.0.1.1,255.255.255.255,56,NetworkSendToLower,0,3923,20,Data,IPPROTO_UDP,192,,0.0
19989,170.2,1,N1S3926,190.0.1.1,190.0.1.4,1052,NetworkSendToLower,0,3926,20,Data,IPPROTO_UDP,0,,0.0
19999,170.3,1,N1S3928,190.0.1.1,190.0.1.4,1052,NetworkSendToLower,0,3928,20,Data,IPPROTO_UDP,0,,0.0
20009,170.4,1,N1S3930,190.0.1.1,190.0.1.4,1052,NetworkSendToLower,0,3930,20,Data,IPPROTO_UDP,0,,0.0
20025,170.5,1,N1S3932,190.0.1.1,190.0.1.4,1052,NetworkSendToLower,0,3932,20,Data,IPPROTO_UDP,0,,0.0
20035,170.6,1,N1S3934,190.0.1.1,190.0.1.4,1052,NetworkSendToLower,0,3934,20,Data,IPPROTO_UDP,0,,0.0
20045,170.7,1,N1S3937,190.0.1.1,190.0.1.4,1052,NetworkSendToLower,0,3937,20,Data,IPPROTO_UDP,0,,0.0
20055,170.8,1,N1S3939,190.0.1.1,190.0.1.4,1052,NetworkSendToLower,0,3939,20,Data,IPPROTO_UDP,0,,0.0
20065,170.9,1,N1S3941,190.0.1.1,190.0.1.4,1052,NetworkSendToLower,0,3941,20,Data,IPPROTO_UDP,0,,0.0
20081,171.0,1,N1S3943,190.0.1.1,190.0.1.4,1052,NetworkSendToLower,0,3943,20,Data,IPPROTO_UDP,0,,0.0
20091,171.1,1,N1S3945,190.0.1.1,190.0.1.4,1052,NetworkSendToLower,0,3945,20,Data,IPPROTO_UDP,0,,0.0
20101,171.2,1,N1S3947,190.0.1.1,190.0.1.4,1052,NetworkSendToLower,0,3947,20,Data,IPPROTO_UDP,0,,0.0
20111,171.3,1,N1S3949,190.0.1.1,190.0.1.4,1052,NetworkSendToLower,0,3949,20,Data,IPPROTO_UDP,0,,0.0
20121,171.4,1,N1S3951,190.0.1.1,190.0.1.4,1052,NetworkSendToLower,0,3951,20,Data,IPPROTO_UDP,0,,0.0
20131,171.5,1,N1S3953,190.0.1.1,190.0.1.4,1052,NetworkSendToLower,0,3953,20,Data,IPPROTO_UDP,0,,0.0
20141,171.6,1,N1S3955,190.0.1.1,190.0.1.4,1052,NetworkSendToLower,0,3955,20,Data,IPPROTO_UDP,0,,0.0
20151,171.7,1,N1S3957,190.0.1.1,190.0.1.4,1052,NetworkSendToLower,0,3957,20,Data,IPPROTO_UDP,0,,0.0
20161,171.8,1,N1S3959,190.0.1.1,190.0.1.4,1052,NetworkSendToLower,0,3959,20,Data,IPPROTO_UDP,0,,0.0
20171,171.9,1,N1S3961,190.0.1.1,190.0.1.4,1052,NetworkSendToLower,0,3961,20,Data,IPPROTO_UDP,0,,0.0
20181,172.0,1,N1S3963,190.0.1.1,190.0.1.4,1052,NetworkSendToLower,0,3963,20,Data,IPPROTO_UDP,0,,0.0
20203,172.1,1,N1S3966,190.0.1.1,190.0.1.4,1052,NetworkSendToLower,0,3966,20,Data,IPPROTO_UDP,0,,0.0
20217,172.131575391,1,N1S3965,190.0.1.1,255.255.255.255,56,NetworkSendToLower,0,3965,20,Data,IPPROTO_UDP,192,,0.0
20221,172.2,1,N1S3968,190.0.1.1,190.0.1.4,1052,NetworkSendToLower,0,3968,20,Data,IPPROTO_UDP,0,,0.0
20231,172.3,1,N1S3970,190.0.1.1,190.0.1.4,1052,NetworkSendToLower,0,3970,20,Data,IPPROTO_UDP,0,,0.0
20241,172.4,1,N1S3972,190.0.1.1,190.0.1.4,1052,NetworkSendToLower,0,3972,20,Data,IPPROTO_UDP,0,,0.0
20251,172.5,1,N1S3974,190.0.1.1,190.0.1.4,1052,NetworkSendToLower,0,3974,20,Data,IPPROTO_UDP,0,,0.0
20261,172.6,1,N1S3976,190.0.1.1,190.0.1.4,1052,NetworkSendToLower,0,3976,20,Data,IPPROTO_UDP,0,,0.0
20271,172.7,1,N1S3978,190.0.1.1,190.0.1.4,1052,NetworkSendToLower,0,3978,20,Data,IPPROTO_UDP,0,,0.0
20281,172.8,1,N1S3980,190.0.1.1,190.0.1.4,1052,NetworkSendToLower,0,3980,20,Data,IPPROTO_UDP,0,,0.0
20291,172.9,1,N1S3982,190.0.1.1,190.0.1.4,1052,NetworkSendToLower,0,3982,20,Data,IPPROTO_UDP,0,,0.0
20301,173.0,1,N1S3984,190.0.1.1,190.0.1.4,1052,NetworkSendToLower,0,3984,20,Data,IPPROTO_UDP,0,,0.0
20311,173.1,1,N1S3986,190.0.1.1,190.0.1.4,1052,NetworkSendToLower,0,3986,20,Data,IPPROTO_UDP,0,,0.0
20321,173.2,1,N1S3988,190.0.1.1,190.0.1.4,1052,NetworkSendToLower,0,3988,20,Data,IPPROTO_UDP,0,,0.0
20331,173.3,1,N1S3990,190.0.1.1,190.0.1.4,1052,NetworkSendToLower,0,3990,20,Data,IPPROTO_UDP,0,,0.0
20341,173.4,1,N1S3992,190.0.1.1,190.0.1.4,1052,NetworkSendToLower,0,3992,20,Data,IPPROTO_UDP,0,,0.0
20351,173.5,1,N1S3994,190.0.1.1,190.0.1.4,1052,NetworkSendToLower,0,3994,20,Data,IPPROTO_UDP,0,,0.0
20361,173.6,1,N1S3996,190.0.1.1,190.0.1.4,1052,NetworkSendToLower,0,3996,20,Data,IPPROTO_UDP,0,,0.0
20371,173.7,1,N1S3998,190.0.1.1,190.0.1.4,1052,NetworkSendToLower,0,3998,20,Data,IPPROTO_UDP,0,,0.0
20381,173.8,1,N1S4000,190.0.1.1,190.0.1.4,1052,NetworkSendToLower,0,4000,20,Data,IPPROTO_UDP,0,,0.0
20391,173.9,1,N1S4002,190.0.1.1,190.0.1.4,1052,NetworkSendToLower,0,4002,20,Data,IPPROTO_UDP,0,,0.0
20401,174.0,1,N1S4004,190.0.1.1,190.0.1.4,1052,NetworkSendToLower,0,4004,20,Data,IPPROTO_UDP,0,,0.0
20421,174.1,1,N1S4007,190.0.1.1,190.0.1.4,1052,NetworkSendToLower,0,4007,20,Data,IPPROTO_UDP,0,,0.0
20437,174.156035037,1,N1S4006,190.0.1.1,255.255.255.255,56,NetworkSendToLower,0,4006,20,Data,IPPROTO_UDP,192,,0.0
20441,174.2,1,N1S4009,190.0.1.1,190.0.1.4,1052,NetworkSendToLower,0,4009,20,Data,IPPROTO_UDP,0,,0.0
20451,174.3,1,N1S4011,190.0.1.1,190.0.1.4,1052,NetworkSendToLower,0,4011,20,Data,IPPROTO_UDP,0,,0.0
20461,174.4,1,N1S4013,190.0.1.1,190.0.1.4,1052,NetworkSendToLower,0,4013,20,Data,IPPROTO_UDP,0,,0.0
20471,174.5,1,N1S4015,190.0.1.1,190.0.1.4,1052,NetworkSendToLower,0,4015,20,Data,IPPROTO_UDP,0,,0.0
20481,174.6,1,N1S4017,190.0.1.1,190.0.1.4,1052,NetworkSendToLower,0,4017,20,Data,IPPROTO_UDP,0,,0.0
20491,174.7,1,N1S4019,190.0.1.1,190.0.1.4,1052,NetworkSendToLower,0,4019,20,Data,IPPROTO_UDP,0,,0.0
20501,174.8,1,N1S4021,190.0.1.1,190.0.1.4,1052,NetworkSendToLower,0,4021,20,Data,IPPROTO_UDP,0,,0.0
20511,174.9,1,N1S4023,190.0.1.1,190.0.1.4,1052,NetworkSendToLower,0,4023,20,Data,IPPROTO_UDP,0,,0.0
20521,175.0,1,N1S4025,190.0.1.1,190.0.1.4,1052,NetworkSendToLower,0,4025,20,Data,IPPROTO_UDP,0,,0.0
20531,175.1,1,N1S4027,190.0.1.1,190.0.1.4,1052,NetworkSendToLower,0,4027,20,Data,IPPROTO_UDP,0,,0.0
20541,175.2,1,N1S4029,190.0.1.1,190.0.1.4,1052,NetworkSendToLower,0,4029,20,Data,IPPROTO_UDP,0,,0.0
20557,175.3,1,N1S4031,190.0.1.1,190.0.1.4,1052,NetworkSendToLower,0,4031,20,Data,IPPROTO_UDP,0,,0.0
20573,175.4,1,N1S4033,190.0.1.1,190.0.1.4,1052,NetworkSendToLower,0,4033,20,Data,IPPROTO_UDP,0,,0.0
20589,175.5,1,N1S4035,190.0.1.1,190.0.1.4,1052,NetworkSendToLower,0,4035,20,Data,IPPROTO_UDP,0,,0.0
20605,175.6,1,N1S4037,190.0.1.1,190.0.1.4,1052,NetworkSendToLower,0,4037,20,Data,IPPROTO_UDP,0,,0.0
20615,175.7,1,N1S4039,190.0.1.1,190.0.1.4,1052,NetworkSendToLower,0,4039,20,Data,IPPROTO_UDP,0,,0.0
20625,175.8,1,N1S4041,190.0.1.1,190.0.1.4,1052,NetworkSendToLower,0,4041,20,Data,IPPROTO_UDP,0,,0.0
20635,175.9,1,N1S4043,190.0.1.1,190.0.1.4,1052,NetworkSendToLower,0,4043,20,Data,IPPROTO_UDP,0,,0.0
20645,176.0,1,N1S4045,190.0.1.1,190.0.1.4,1052,NetworkSendToLower,0,4045,20,Data,IPPROTO_UDP,0,,0.0
20669,176.09115844,1,N1S4047,190.0.1.1,255.255.255.255,56,NetworkSendToLower,0,4047,20,Data,IPPROTO_UDP,192,,0.0
20673,176.1,1,N1S4048,190.0.1.1,190.0.1.4,1052,NetworkSendToLower,0,4048,20,Data,IPPROTO_UDP,0,,0.0
20683,176.2,1,N1S4050,190.0.1.1,190.0.1.4,1052,NetworkSendToLower,0,4050,20,Data,IPPROTO_UDP,0,,0.0
20693,176.3,1,N1S4052,190.0.1.1,190.0.1.4,1052,NetworkSendToLower,0,4052,20,Data,IPPROTO_UDP,0,,0.0
20703,176.4,1,N1S4054,190.0.1.1,190.0.1.4,1052,NetworkSendToLower,0,4054,20,Data,IPPROTO_UDP,0,,0.0
20713,176.5,1,N1S4056,190.0.1.1,190.0.1.4,1052,NetworkSendToLower,0,4056,20,Data,IPPROTO_UDP,0,,0.0
20723,176.6,1,N1S4058,190.0.1.1,190.0.1.4,1052,NetworkSendToLower,0,4058,20,Data,IPPROTO_UDP,0,,0.0
20733,176.7,1,N1S4060,190.0.1.1,190.0.1.4,1052,NetworkSendToLower,0,4060,20,Data,IPPROTO_UDP,0,,0.0
20743,176.8,1,N1S4062,190.0.1.1,190.0.1.4,1052,NetworkSendToLower,0,4062,20,Data,IPPROTO_UDP,0,,0.0
20753,176.9,1,N1S4064,190.0.1.1,190.0.1.4,1052,NetworkSendToLower,0,4064,20,Data,IPPROTO_UDP,0,,0.0
20763,177.0,1,N1S4066,190.0.1.1,190.0.1.4,1052,NetworkSendToLower,0,4066,20,Data,IPPROTO_UDP,0,,0.0
20773,177.1,1,N1S4068,190.0.1.1,190.0.1.4,1052,NetworkSendToLower,0,4068,20,Data,IPPROTO_UDP,0,,0.0
20783,177.2,1,N1S4070,190.0.1.1,190.0.1.4,1052,NetworkSendToLower,0,4070,20,Data,IPPROTO_UDP,0,,0.0
20793,177.3,1,N1S4072,190.0.1.1,190.0.1.4,1052,NetworkSendToLower,0,4072,20,Data,IPPROTO_UDP,0,,0.0
20803,177.4,1,N1S4074,190.0.1.1,190.0.1.4,1052,NetworkSendToLower,0,4074,20,Data,IPPROTO_UDP,0,,0.0
20813,177.5,1,N1S4076,190.0.1.1,190.0.1.4,1052,NetworkSendToLower,0,4076,20,Data,IPPROTO_UDP,0,,0.0
20823,177.6,1,N1S4078,190.0.1.1,190.0.1.4,1052,NetworkSendToLower,0,4078,20,Data,IPPROTO_UDP,0,,0.0
20833,177.7,1,N1S4080,190.0.1.1,190.0.1.4,1052,NetworkSendToLower,0,4080,20,Data,IPPROTO_UDP,0,,0.0
20843,177.8,1,N1S4082,190.0.1.1,190.0.1.4,1052,NetworkSendToLower,0,4082,20,Data,IPPROTO_UDP,0,,0.0
20853,177.9,1,N1S4084,190.0.1.1,190.0.1.4,1052,NetworkSendToLower,0,4084,20,Data,IPPROTO_UDP,0,,0.0
20863,178.0,1,N1S4086,190.0.1.1,190.0.1.4,1052,NetworkSendToLower,0,4086,20,Data,IPPROTO_UDP,0,,0.0
20885,178.1,1,N1S4090,190.0.1.1,190.0.1.4,1052,NetworkSendToLower,0,4090,20,Data,IPPROTO_UDP,0,,0.0
20893,178.125214653,1,N1S4089,190.0.1.1,255.255.255.255,56,NetworkSendToLower,0,4089,20,Data,IPPROTO_UDP,192,,0.0
20901,178.2,1,N1S4092,190.0.1.1,190.0.1.4,1052,NetworkSendToLower,0,4092,20,Data,IPPROTO_UDP,0,,0.0
20911,178.3,1,N1S4094,190.0.1.1,190.0.1.4,1052,NetworkSendToLower,0,4094,20,Data,IPPROTO_UDP,0,,0.0
20921,178.4,1,N1S4096,190.0.1.1,190.0.1.4,1052,NetworkSendToLower,0,4096,20,Data,IPPROTO_UDP,0,,0.0
20931,178.5,1,N1S4098,190.0.1.1,190.0.1.4,1052,NetworkSendToLower,0,4098,20,Data,IPPROTO_UDP,0,,0.0
20941,178.6,1,N1S4100,190.0.1.1,190.0.1.4,1052,NetworkSendToLower,0,4100,20,Data,IPPROTO_UDP,0,,0.0
20951,178.7,1,N1S4102,190.0.1.1,190.0.1.4,1052,NetworkSendToLower,0,4102,20,Data,IPPROTO_UDP,0,,0.0
20961,178.8,1,N1S4104,190.0.1.1,190.0.1.4,1052,NetworkSendToLower,0,4104,20,Data,IPPROTO_UDP,0,,0.0
20971,178.9,1,N1S4106,190.0.1.1,190.0.1.4,1052,NetworkSendToLower,0,4106,20,Data,IPPROTO_UDP,0,,0.0
20981,179.0,1,N1S4108,190.0.1.1,190.0.1.4,1052,NetworkSendToLower,0,4108,20,Data,IPPROTO_UDP,0,,0.0
20991,179.1,1,N1S4110,190.0.1.1,190.0.1.4,1052,NetworkSendToLower,0,4110,20,Data,IPPROTO_UDP,0,,0.0
21001,179.2,1,N1S4112,190.0.1.1,190.0.1.4,1052,NetworkSendToLower,0,4112,20,Data,IPPROTO_UDP,0,,0.0
21011,179.3,1,N1S4114,190.0.1.1,190.0.1.4,1052,NetworkSendToLower,0,4114,20,Data,IPPROTO_UDP,0,,0.0
21021,179.4,1,N1S4116,190.0.1.1,190.0.1.4,1052,NetworkSendToLower,0,4116,20,Data,IPPROTO_UDP,0,,0.0
21031,179.5,1,N1S4118,190.0.1.1,190.0.1.4,1052,NetworkSendToLower,0,4118,20,Data,IPPROTO_UDP,0,,0.0
21041,179.6,1,N1S4120,190.0.1.1,190.0.1.4,1052,NetworkSendToLower,0,4120,20,Data,IPPROTO_UDP,0,,0.0
21051,179.7,1,N1S4122,190.0.1.1,190.0.1.4,1052,NetworkSendToLower,0,4122,20,Data,IPPROTO_UDP,0,,0.0
21061,179.8,1,N1S4124,190.0.1.1,190.0.1.4,1052,NetworkSendToLower,0,4124,20,Data,IPPROTO_UDP,0,,0.0
21071,179.9,1,N1S4126,190.0.1.1,190.0.1.4,1052,NetworkSendToLower,0,4126,20,Data,IPPROTO_UDP,0,,0.0
